Var1,Var2,Var3
4.002,0,0
4.004,0,0
4.006,0,0
4.008,0,0
4.01,0,0
4.012,0,0
4.014,0,0
4.016,0,0
4.018,0,0
4.02,0,0
4.022,0,0
4.024,0,0
4.026,0,0
4.028,0,0
4.03,0,0
4.032,0,0
4.034,0,0
4.036,0,0
4.038,0,0
4.04,0,0
4.042,0,0
4.044,0,0
4.046,0,0
4.048,0,0
4.05,0,0
4.052,0,0
4.054,0,0
4.056,0,0
4.058,0,0
4.06,0,0
4.062,0,0
4.064,0,0
4.066,0,0
4.068,0,0
4.07,0,0
4.072,0,0
4.074,0,0
4.076,0,0
4.078,0,0
4.08,0,0
4.082,0,0
4.084,0,0
4.086,0,0
4.088,0,0
4.09,0,0
4.092,0,0
4.094,0,0
4.096,0,0
4.098,0,0
4.1,0,0
4.102,0,0
4.104,0,0
4.106,0,0
4.108,0,0
4.11,0,0
4.112,0,0
4.114,0,0
4.116,0,0
4.118,0,0
4.12,0,0
4.122,0,0
4.124,0,0
4.126,0,0
4.128,0,0
4.13,0,0
4.132,0,0
4.134,0,0
4.136,0,0
4.138,0,0
4.14,0,0
4.142,0,0
4.144,0,0
4.146,0,0
4.148,0,0
4.15,0,0
4.152,0,0
4.154,0,0
4.156,0,0
4.158,0,0
4.16,0,0
4.162,0,0
4.164,0,0
4.166,0,0
4.168,0,0
4.17,0,0
4.172,0,0
4.174,0,0
4.176,0,0
4.178,0,0
4.18,0,0
4.182,0,0
4.184,0,0
4.186,0,0
4.188,0,0
4.19,0,0
4.192,0,0
4.194,0,0
4.196,0,0
4.198,0,0
4.2,0,0
4.202,0,0
4.204,0,0
4.206,0,0
4.208,0,0
4.21,0,0
4.212,0,0
4.214,0,0
4.216,0,0
4.218,0,0
4.22,0,0
4.222,0,0
4.224,0,0
4.226,0,0
4.228,0,0
4.23,0,0
4.232,0,0
4.234,0,0
4.236,0,0
4.238,0,0
4.24,0,0
4.242,0,0
4.244,0,0
4.246,0,0
4.248,0,0
4.25,0,0
4.252,0,0
4.254,0,0
4.256,0,0
4.258,0,0
4.26,0,0
4.262,0,0
4.264,0,0
4.266,0,0
4.268,0,0
4.27,0,0
4.272,0,0
4.274,0,0
4.276,0,0
4.278,0,0
4.28,0,0
4.282,0,0
4.284,0,0
4.286,0,0
4.288,0,0
4.29,0,0
4.292,0,0
4.294,0,0
4.296,0,0
4.298,0,0
4.3,0,0
4.302,0,0
4.304,0,0
4.306,0,0
4.308,0,0
4.31,0,0
4.312,0,0
4.314,0,0
4.316,0,0
4.318,0,0
4.32,0,0
4.322,0,0
4.324,0,0
4.326,0,0
4.328,0,0
4.33,0,0
4.332,0,0
4.334,0,0
4.336,0,0
4.338,0,0
4.34,0,0
4.342,0,0
4.344,0,0
4.346,0,0
4.348,0,0
4.35,0,0
4.352,0,0
4.354,0,0
4.356,0,0
4.358,0,0
4.36,0,0
4.362,0,0
4.364,0,0
4.366,0,0
4.368,0,0
4.37,0,0
4.372,0,0
4.374,0,0
4.376,0,0
4.378,0,0
4.38,0,0
4.382,0,0
4.384,0,0
4.386,0,0
4.388,0,0
4.39,0,0
4.392,0,0
4.394,0,0
4.396,0,0
4.398,0,0
4.4,0,0
4.402,0,0
4.404,0,0
4.406,0,0
4.408,0,0
4.41,0,0
4.412,0,0
4.414,0,0
4.416,0,0
4.418,0,0
4.42,0,0
4.422,0,0
4.424,0,0
4.426,0,0
4.428,0,0
4.43,0,0
4.432,0,0
4.434,0,0
4.436,0,0
4.438,0,0
4.44,0,0
4.442,0,0
4.444,0,0
4.446,0,0
4.448,0,0
4.45,0,0
4.452,0,0
4.454,0,0
4.456,0,0
4.458,0,0
4.46,0,0
4.462,0,0
4.464,0,0
4.466,0,0
4.468,0,0
4.47,0,0
4.472,0,0
4.474,0,0
4.476,0,0
4.478,0,0
4.48,0,0
4.482,0,0
4.484,0,0
4.486,0,0
4.488,0,0
4.49,0,0
4.492,0,0
4.494,0,0
4.496,0,0
4.498,0,0
4.5,0,0
4.502,0,0
4.504,0,0
4.506,0,0
4.508,0,0
4.51,0,0
4.512,0,0
4.514,0,0
4.516,0,0
4.518,0,0
4.52,0,0
4.522,0,0
4.524,0,0
4.526,0,0
4.528,0,0
4.53,0.00306796157577128,-0.0153398078788564
4.532,0.00306796157577128,-0.0155238855734027
4.534,0.00306796157577128,-0.015707963267949
4.536,0.00306796157577128,-0.0158920409624952
4.538,0.00306796157577128,-0.0160761186570415
4.54,0.00613592315154256,-0.0316000042304442
4.542,0.00613592315154256,-0.0319681596195368
4.544,0.00920388472731385,-0.0476761228874857
4.546,0.00920388472731385,-0.0482283559711246
4.548,0.00920388472731385,-0.0487805890547634
4.55,0.0122718463030851,-0.0646726300172586
4.552,0.0122718463030851,-0.0654089407954437
4.554,0.0153398078788564,-0.0814850594524853
4.556,0.0184077694546277,-0.097745255804073
4.558,0.0184077694546277,-0.0988497219713507
4.56,0.021475731030399,-0.115293996017485
4.562,0.021475731030399,-0.116582539879309
4.564,0.0245436926061703,-0.133210891619989
4.566,0.0276116541819415,-0.150023321055216
4.568,0.0276116541819415,-0.151680020306132
4.57,0.0306796157577128,-0.168676527435905
4.572,0.0306796157577128,-0.170517304381368
4.574,0.0337475773334841,-0.187697889205687
4.576,0.0337475773334841,-0.189722743845696
4.578,0.0368155389092554,-0.207087406364562
4.58,0.0398835004850267,-0.224636146577973
4.582,0.0398835004850267,-0.227029156607075
4.584,0.042951462060798,-0.244761974515033
4.586,0.042951462060798,-0.247339062238681
4.588,0.0460194236365692,-0.265255957841185
4.59,0.0460194236365692,-0.268017123259379
4.592,0.0460194236365692,-0.270778288677573
4.594,0.0490873852123405,-0.288879261974624
4.596,0.0521553467881118,-0.307164312966221
4.598,0.0521553467881118,-0.310293633773507
4.6,0.0552233083638831,-0.328762762459651
4.602,0.0552233083638831,-0.332076160961484
4.604,0.0582912699396544,-0.350729367342173
4.606,0.0582912699396544,-0.354226843538552
4.608,0.0613592315154256,-0.373064127613788
4.61,0.0613592315154256,-0.376745681504713
4.612,0.0644271930911969,-0.395767043274495
4.614,0.0644271930911969,-0.399632674859967
4.616,0.0674951546669682,-0.418838114324295
4.618,0.0674951546669682,-0.422887823604314
4.62,0.0705631162427395,-0.442277340763188
4.622,0.0705631162427395,-0.446511127737752
4.624,0.0736310778185108,-0.466084722591173
4.626,0.0736310778185108,-0.470502587260284
4.628,0.0766990393942821,-0.490260259808251
4.63,0.0766990393942821,-0.494862202171908
4.632,0.0797670009700533,-0.514803952414421
4.634,0.0797670009700533,-0.519589972472624
4.636,0.0828349625458246,-0.539715800409684
4.638,0.0828349625458246,-0.544685898162433
4.64,0.0828349625458246,-0.549655995915183
4.642,0.0859029241215959,-0.569965901546789
4.644,0.0859029241215959,-0.575120076994085
4.646,0.0889708856973672,-0.595614060320237
4.648,0.0889708856973672,-0.600952313462079
4.65,0.0920388472731385,-0.621630374482777
4.652,0.0951068088489097,-0.642492513198022
4.654,0.0951068088489097,-0.648198921728957
4.656,0.098174770424681,-0.669245138138748
4.658,0.098174770424681,-0.675135624364228
4.66,0.101242732000452,-0.696365918468566
4.662,0.101242732000452,-0.702440482388593
4.664,0.104310693576224,-0.723854854187476
4.666,0.107378655151995,-0.745453303680906
4.668,0.107378655151995,-0.751896022990026
4.67,0.110446616727766,-0.773678550178002
4.672,0.113514578303537,-0.795645155060524
4.674,0.113514578303537,-0.802456029758737
4.676,0.116582539879309,-0.824606712335805
4.678,0.11965050145508,-0.84694147260742
4.68,0.122718463030851,-0.869460310573581
4.682,0.122718463030851,-0.876823418355433
4.684,0.125786424606623,-0.89952633401614
4.686,0.128854386182394,-0.922413327371394
4.688,0.131922347758165,-0.945484398421194
4.69,0.134990309333936,-0.96873954716554
4.692,0.138058270909708,-0.992178773604433
4.694,0.141126232485479,-1.01580207773787
4.696,0.14419419406125,-1.03960945956586
4.698,0.147262155637022,-1.06360091908839
4.7,0.150330117212793,-1.08777645630547
4.702,0.153398078788564,-1.11213607121709
4.704,0.156466040364335,-1.13667976382326
4.706,0.159534001940107,-1.16140753412398
4.708,0.162601963515878,-1.18631938211924
4.71,0.165669925091649,-1.21141530780905
4.712,0.168737886667421,-1.2366953111934
4.714,0.171805848243192,-1.26215939227231
4.716,0.174873809818963,-1.28780755104575
4.718,0.174873809818963,-1.29829997963489
4.72,0.177941771394734,-1.32413221610289
4.722,0.181009732970506,-1.35014853026543
4.724,0.184077694546277,-1.37634892212251
4.726,0.184077694546277,-1.38739358379529
4.728,0.187145656122048,-1.41377805334692
4.73,0.190213617697819,-1.4403466005931
4.732,0.190213617697819,-1.45175941765497
4.734,0.193281579273591,-1.4785120425957
4.736,0.193281579273591,-1.49010893735211
4.738,0.196349540849362,-1.51704563998738
4.74,0.196349540849362,-1.52882661243835
4.742,0.199417502425133,-1.55594739276816
4.744,0.199417502425133,-1.56791244291367
4.746,0.202485464000905,-1.59521730093804
4.748,0.202485464000905,-1.60736642877809
4.75,0.205553425576676,-1.634855364497
4.752,0.205553425576676,-1.6471885700316
4.754,0.208621387152447,-1.67486158344506
4.756,0.208621387152447,-1.68737886667421
4.758,0.211689348728218,-1.71523595778221
4.76,0.211689348728218,-1.7279373187059
4.762,0.21475731030399,-1.75597848750845
4.764,0.217825271879761,-1.78420373400555
4.766,0.217825271879761,-1.79727325031833
4.768,0.220893233455532,-1.82568257450997
4.77,0.220893233455532,-1.83893616851731
4.772,0.223961195031304,-1.8675295704035
4.774,0.227029156607075,-1.89630704998423
4.776,0.230097118182846,-1.92526860725951
4.778,0.230097118182846,-1.93907443435048
4.78,0.233165079758617,-1.96822006932031
4.782,0.236233041334389,-1.99754978198468
4.784,0.236233041334389,-2.01172376446475
4.786,0.23930100291016,-2.04123755482366
4.788,0.242368964485931,-2.07093542287713
4.79,0.245436926061703,-2.10081736862514
4.792,0.245436926061703,-2.11554358418885
4.794,0.248504887637474,-2.1456096076314
4.796,0.251572849213245,-2.17585970876851
4.798,0.254640810789016,-2.20629388760016
4.8,0.257708772364788,-2.23691214412636
4.802,0.260776733940559,-2.2677144783471
4.804,0.26384469551633,-2.29870089026239
4.806,0.266912657092102,-2.32987137987223
4.808,0.269980618667873,-2.36122594717661
4.81,0.273048580243644,-2.39276459217554
4.812,0.276116541819415,-2.42448731486901
4.814,0.279184503395187,-2.45639411525704
4.816,0.282252464970958,-2.4884849933396
4.818,0.285320426546729,-2.52075994911672
4.82,0.288388388122501,-2.55321898258838
4.822,0.291456349698272,-2.58586209375458
4.824,0.294524311274043,-2.61868928261534
4.826,0.300660234425586,-2.66704035704949
4.828,0.303728196001357,-2.70041977899388
4.83,0.306796157577128,-2.73398327863282
4.832,0.3098641191529,-2.7677308559663
4.834,0.312932080728671,-2.80166251099434
4.836,0.319068003880213,-2.85111805159577
4.838,0.322135965455985,-2.88560193970744
4.84,0.325203927031756,-2.92026990551365
4.842,0.328271888607527,-2.95512194901441
4.844,0.331339850183298,-2.99015807020972
4.846,0.33440781175907,-3.02537826909958
4.848,0.337475773334841,-3.06078254568398
4.85,0.340543734910612,-3.09637089996292
4.852,0.340543734910612,-3.11680352405756
4.854,0.343611696486384,-3.15257595603105
4.856,0.346679658062155,-3.18853246569909
4.858,0.346679658062155,-3.20933324518282
4.86,0.349747619637926,-3.24547383254541
4.862,0.352815581213697,-3.28179849760254
4.864,0.352815581213697,-3.30296743247536
4.866,0.352815581213697,-3.32413636734818
4.868,0.355883542789469,-3.36064511009986
4.87,0.355883542789469,-3.38199812266723
4.872,0.35895150436524,-3.41869094311346
4.874,0.35895150436524,-3.44022803337537
4.876,0.362019465941011,-3.47710493151614
4.878,0.362019465941011,-3.4988260994726
4.88,0.362019465941011,-3.52054726742906
4.882,0.365087427516783,-3.55760824326438
4.884,0.365087427516783,-3.57951348891539
4.886,0.365087427516783,-3.60141873456639
4.888,0.368155389092554,-3.63866378809626
4.89,0.368155389092554,-3.66075311144181
4.892,0.371223350668325,-3.69818224266622
4.894,0.374291312244096,-3.73579545158518
4.896,0.374291312244096,-3.75825293031982
4.898,0.377359273819868,-3.79605021693332
4.9,0.377359273819868,-3.81869177336251
4.902,0.380427235395639,-3.85667313767056
4.904,0.38349519697141,-3.89483857967316
4.906,0.38349519697141,-3.91784829149144
4.908,0.386563158547182,-3.95619781118858
4.91,0.386563158547182,-3.97939160070141
4.912,0.389631120122953,-4.0179251980931
4.914,0.389631120122953,-4.04130306530048
4.916,0.392699081698724,-4.08002074038671
4.918,0.392699081698724,-4.10358268528864
4.92,0.395767043274495,-4.14248443806942
4.922,0.395767043274495,-4.16623046066588
4.924,0.395767043274495,-4.18997648326235
4.926,0.398835004850267,-4.22906231373768
4.928,0.398835004850267,-4.2529924140287
4.93,0.398835004850267,-4.27692251431971
4.932,0.398835004850267,-4.30085261461073
4.934,0.398835004850267,-4.32478271490174
4.936,0.398835004850267,-4.34871281519276
4.938,0.398835004850267,-4.37264291548378
4.94,0.398835004850267,-4.39657301577479
4.942,0.398835004850267,-4.42050311606581
4.944,0.398835004850267,-4.44443321635682
4.946,0.398835004850267,-4.46836331664784
4.948,0.398835004850267,-4.49229341693886
4.95,0.398835004850267,-4.51622351722987
4.952,0.398835004850267,-4.54015361752089
4.954,0.398835004850267,-4.5640837178119
4.956,0.398835004850267,-4.58801381810292
4.958,0.398835004850267,-4.61194391839394
4.96,0.398835004850267,-4.63587401868495
4.962,0.398835004850267,-4.65980411897597
4.964,0.398835004850267,-4.68373421926698
4.966,0.398835004850267,-4.707664319558
4.968,0.398835004850267,-4.73159441984902
4.97,0.398835004850267,-4.75552452014003
4.972,0.398835004850267,-4.77945462043105
4.974,0.398835004850267,-4.80338472072206
4.976,0.398835004850267,-4.82731482101308
4.978,0.398835004850267,-4.85124492130409
4.98,0.398835004850267,-4.87517502159511
4.982,0.398835004850267,-4.89910512188613
4.984,0.398835004850267,-4.92303522217714
4.986,0.398835004850267,-4.94696532246816
4.988,0.395767043274495,-4.95555561488032
4.99,0.395767043274495,-4.97930163747679
4.992,0.395767043274495,-5.00304766007326
4.994,0.395767043274495,-5.02679368266973
4.996,0.395767043274495,-5.0505397052662
4.998,0.395767043274495,-5.07428572786267
5,0.395767043274495,-5.09803175045914
5.002,0.395767043274495,-5.12177777305561
5.004,0.395767043274495,-5.14552379565207
5.006,0.395767043274495,-5.16926981824854
5.008,0.395767043274495,-5.19301584084501
5.01,0.395767043274495,-5.21676186344148
5.012,0.392699081698724,-5.2251680781591
5.014,0.392699081698724,-5.24873002306102
5.016,0.392699081698724,-5.27229196796294
5.018,0.392699081698724,-5.29585391286487
5.02,0.392699081698724,-5.31941585776679
5.022,0.392699081698724,-5.34297780266871
5.024,0.392699081698724,-5.36653974757064
5.026,0.392699081698724,-5.39010169247256
5.028,0.392699081698724,-5.41366363737448
5.03,0.392699081698724,-5.43722558227641
5.032,0.392699081698724,-5.46078752717833
5.034,0.392699081698724,-5.48434947208025
5.036,0.392699081698724,-5.50791141698218
5.038,0.392699081698724,-5.5314733618841
5.04,0.392699081698724,-5.55503530678602
5.042,0.392699081698724,-5.57859725168795
5.044,0.392699081698724,-5.60215919658987
5.046,0.392699081698724,-5.62572114149179
5.048,0.392699081698724,-5.64928308639372
5.05,0.392699081698724,-5.67284503129564
5.052,0.392699081698724,-5.69640697619756
5.054,0.392699081698724,-5.71996892109949
5.056,0.392699081698724,-5.74353086600141
5.058,0.392699081698724,-5.76709281090333
5.06,0.392699081698724,-5.79065475580526
5.062,0.392699081698724,-5.81421670070718
5.064,0.392699081698724,-5.8377786456091
5.066,0.392699081698724,-5.86134059051103
5.068,0.392699081698724,-5.88490253541295
5.07,0.395767043274495,-5.92380428819373
5.072,0.395767043274495,-5.9475503107902
5.074,0.395767043274495,-5.97129633338667
5.076,0.395767043274495,-5.99504235598314
5.078,0.395767043274495,-6.01878837857961
5.08,0.395767043274495,-6.04253440117608
5.082,0.395767043274495,-6.06628042377255
5.084,0.395767043274495,-6.09002644636902
5.086,0.395767043274495,-6.11377246896549
5.088,0.395767043274495,-6.13751849156196
5.09,0.395767043274495,-6.16126451415843
5.092,0.395767043274495,-6.1850105367549
5.094,0.395767043274495,-6.20875655935137
5.096,0.395767043274495,-6.23250258194784
5.098,0.395767043274495,-6.25624860454431
5.1,0.395767043274495,-6.27999462714078
5.102,0.395767043274495,-6.30374064973724
5.104,0.395767043274495,-6.32748667233371
5.106,0.395767043274495,-6.35123269493018
5.108,0.395767043274495,-6.37497871752665
5.11,0.395767043274495,-6.39872474012312
5.112,0.395767043274495,-6.42247076271959
5.114,0.395767043274495,-6.44621678531606
5.116,0.395767043274495,-6.46996280791253
5.118,0.395767043274495,-6.493708830509
5.12,0.395767043274495,-6.51745485310547
5.122,0.395767043274495,-6.54120087570194
5.124,0.395767043274495,-6.56494689829841
5.126,0.395767043274495,-6.58869292089488
5.128,0.395767043274495,-6.61243894349135
5.13,0.395767043274495,-6.63618496608782
5.132,0.395767043274495,-6.65993098868429
5.134,0.395767043274495,-6.68367701128076
5.136,0.395767043274495,-6.70742303387723
5.138,0.395767043274495,-6.7311690564737
5.14,0.395767043274495,-6.75491507907017
5.142,0.392699081698724,-6.76332129378778
5.144,0.392699081698724,-6.7868832386897
5.146,0.392699081698724,-6.81044518359163
5.148,0.392699081698724,-6.83400712849355
5.15,0.392699081698724,-6.85756907339548
5.152,0.392699081698724,-6.8811310182974
5.154,0.389631120122953,-6.88935315532047
5.156,0.389631120122953,-6.91273102252784
5.158,0.389631120122953,-6.93610888973522
5.16,0.389631120122953,-6.9594867569426
5.162,0.389631120122953,-6.98286462414998
5.164,0.386563158547182,-6.9909026834785
5.166,0.386563158547182,-7.01409647299133
5.168,0.386563158547182,-7.03729026250416
5.17,0.386563158547182,-7.06048405201699
5.172,0.38349519697141,-7.06833803365096
5.174,0.38349519697141,-7.09134774546925
5.176,0.38349519697141,-7.11435745728753
5.178,0.38349519697141,-7.13736716910582
5.18,0.380427235395639,-7.14503707304524
5.182,0.380427235395639,-7.16786270716898
5.184,0.380427235395639,-7.19068834129272
5.186,0.377359273819868,-7.1981741675376
5.188,0.377359273819868,-7.2208157239668
5.19,0.377359273819868,-7.24345728039599
5.192,0.377359273819868,-7.26609883682518
5.194,0.377359273819868,-7.28874039325437
5.196,0.377359273819868,-7.31138194968356
5.198,0.377359273819868,-7.33402350611275
5.2,0.377359273819868,-7.35666506254195
5.202,0.377359273819868,-7.37930661897114
5.204,0.374291312244096,-7.38660836752147
5.206,0.374291312244096,-7.40906584625612
5.208,0.374291312244096,-7.43152332499077
5.21,0.374291312244096,-7.45398080372541
5.212,0.374291312244096,-7.47643828246006
5.214,0.374291312244096,-7.4988957611947
5.216,0.374291312244096,-7.52135323992935
5.218,0.374291312244096,-7.54381071866399
5.22,0.374291312244096,-7.56626819739864
5.222,0.374291312244096,-7.58872567613329
5.224,0.374291312244096,-7.61118315486793
5.226,0.374291312244096,-7.63364063360258
5.228,0.374291312244096,-7.65609811233722
5.23,0.374291312244096,-7.67855559107187
5.232,0.374291312244096,-7.70101306980652
5.234,0.374291312244096,-7.72347054854116
5.236,0.374291312244096,-7.74592802727581
5.238,0.374291312244096,-7.76838550601045
5.24,0.374291312244096,-7.7908429847451
5.242,0.374291312244096,-7.81330046347975
5.244,0.374291312244096,-7.83575794221439
5.246,0.374291312244096,-7.85821542094904
5.248,0.374291312244096,-7.88067289968368
5.25,0.374291312244096,-7.90313037841833
5.252,0.374291312244096,-7.92558785715297
5.254,0.374291312244096,-7.94804533588762
5.256,0.374291312244096,-7.97050281462227
5.258,0.374291312244096,-7.99296029335691
5.26,0.374291312244096,-8.01541777209156
5.262,0.374291312244096,-8.0378752508262
5.264,0.374291312244096,-8.06033272956085
5.266,0.374291312244096,-8.0827902082955
5.268,0.374291312244096,-8.10524768703014
5.27,0.374291312244096,-8.12770516576479
5.272,0.374291312244096,-8.15016264449943
5.274,0.374291312244096,-8.17262012323408
5.276,0.374291312244096,-8.19507760196873
5.278,0.374291312244096,-8.21753508070337
5.28,0.374291312244096,-8.23999255943802
5.282,0.374291312244096,-8.26245003817266
5.284,0.374291312244096,-8.28490751690731
5.286,0.374291312244096,-8.30736499564195
5.288,0.374291312244096,-8.3298224743766
5.29,0.374291312244096,-8.35227995311125
5.292,0.374291312244096,-8.37473743184589
5.294,0.374291312244096,-8.39719491058054
5.296,0.374291312244096,-8.41965238931518
5.298,0.374291312244096,-8.44210986804983
5.3,0.374291312244096,-8.46456734678448
5.302,0.377359273819868,-8.50236463339798
5.304,0.377359273819868,-8.52500618982717
5.306,0.377359273819868,-8.54764774625636
5.308,0.377359273819868,-8.57028930268555
5.31,0.377359273819868,-8.59293085911474
5.312,0.377359273819868,-8.61557241554394
5.314,0.377359273819868,-8.63821397197313
5.316,0.377359273819868,-8.66085552840232
5.318,0.377359273819868,-8.68349708483151
5.32,0.377359273819868,-8.7061386412607
5.322,0.377359273819868,-8.7287801976899
5.324,0.377359273819868,-8.75142175411909
5.326,0.380427235395639,-8.78940311842713
5.328,0.380427235395639,-8.81222875255087
5.33,0.380427235395639,-8.83505438667461
5.332,0.380427235395639,-8.85788002079835
5.334,0.380427235395639,-8.88070565492209
5.336,0.380427235395639,-8.90353128904583
5.338,0.380427235395639,-8.92635692316957
5.34,0.380427235395639,-8.9491825572933
5.342,0.380427235395639,-8.97200819141704
5.344,0.380427235395639,-8.99483382554078
5.346,0.380427235395639,-9.01765945966452
5.348,0.380427235395639,-9.04048509378826
5.35,0.380427235395639,-9.063310727912
5.352,0.380427235395639,-9.08613636203573
5.354,0.380427235395639,-9.10896199615947
5.356,0.380427235395639,-9.13178763028321
5.358,0.377359273819868,-9.13927345652809
5.36,0.377359273819868,-9.16191501295729
5.362,0.377359273819868,-9.18455656938648
5.364,0.377359273819868,-9.20719812581567
5.366,0.377359273819868,-9.22983968224486
5.368,0.377359273819868,-9.25248123867405
5.37,0.377359273819868,-9.27512279510325
5.372,0.377359273819868,-9.29776435153244
5.374,0.377359273819868,-9.32040590796163
5.376,0.377359273819868,-9.34304746439082
5.378,0.377359273819868,-9.36568902082001
5.38,0.377359273819868,-9.3883305772492
5.382,0.377359273819868,-9.4109721336784
5.384,0.377359273819868,-9.43361369010759
5.386,0.374291312244096,-9.44091543865792
5.388,0.374291312244096,-9.46337291739257
5.39,0.374291312244096,-9.48583039612721
5.392,0.374291312244096,-9.50828787486186
5.394,0.374291312244096,-9.53074535359651
5.396,0.374291312244096,-9.55320283233115
5.398,0.374291312244096,-9.5756603110658
5.4,0.374291312244096,-9.59811778980044
5.402,0.371223350668325,-9.60523546065623
5.404,0.371223350668325,-9.62750886169633
5.406,0.371223350668325,-9.64978226273643
5.408,0.371223350668325,-9.67205566377653
5.41,0.371223350668325,-9.69432906481663
5.412,0.371223350668325,-9.71660246585673
5.414,0.368155389092554,-9.72353605901797
5.416,0.368155389092554,-9.74562538236352
5.418,0.368155389092554,-9.76771470570908
5.42,0.368155389092554,-9.78980402905463
5.422,0.365087427516783,-9.79655354452133
5.424,0.365087427516783,-9.81845879017233
5.426,0.362019465941011,-9.82502422794449
5.428,0.362019465941011,-9.84674539590095
5.43,0.35895150436524,-9.85312675597855
5.432,0.35895150436524,-9.87466384624046
5.434,0.355883542789469,-9.88086112862352
5.436,0.355883542789469,-9.90221414119089
5.438,0.352815581213697,-9.9082273458794
5.44,0.352815581213697,-9.92939628075223
5.442,0.352815581213697,-9.95056521562505
5.444,0.352815581213697,-9.97173415049787
5.446,0.349747619637926,-9.97756327749183
5.448,0.349747619637926,-9.99854813467011
5.45,0.349747619637926,-10.0195329918484
5.452,0.349747619637926,-10.0405178490267
5.454,0.346679658062155,-10.0461628983261
5.456,0.346679658062155,-10.0669636778098
5.458,0.346679658062155,-10.0877644572935
5.46,0.346679658062155,-10.1085652367773
5.462,0.346679658062155,-10.129366016261
5.464,0.346679658062155,-10.1501667957447
5.466,0.343611696486384,-10.1556277673496
5.468,0.343611696486384,-10.1762444691388
5.47,0.343611696486384,-10.196861170928
5.472,0.343611696486384,-10.2174778727171
5.474,0.343611696486384,-10.2380945745063
5.476,0.343611696486384,-10.2587112762955
5.478,0.343611696486384,-10.2793279780847
5.48,0.343611696486384,-10.2999446798739
5.482,0.343611696486384,-10.3205613816631
5.484,0.343611696486384,-10.3411780834522
5.486,0.343611696486384,-10.3617947852414
5.488,0.343611696486384,-10.3824114870306
5.49,0.343611696486384,-10.4030281888198
5.492,0.343611696486384,-10.423644890609
5.494,0.343611696486384,-10.4442615923982
5.496,0.343611696486384,-10.4648782941873
5.498,0.343611696486384,-10.4854949959765
5.5,0.343611696486384,-10.5061116977657
5.502,0.340543734910612,-10.511388591676
5.504,0.340543734910612,-10.5318212157707
5.506,0.340543734910612,-10.5522538398653
5.508,0.340543734910612,-10.57268646396
5.51,0.340543734910612,-10.5931190880546
5.512,0.340543734910612,-10.6135517121492
5.514,0.340543734910612,-10.6339843362439
5.516,0.340543734910612,-10.6544169603385
5.518,0.340543734910612,-10.6748495844331
5.52,0.340543734910612,-10.6952822085278
5.522,0.340543734910612,-10.7157148326224
5.524,0.340543734910612,-10.736147456717
5.526,0.340543734910612,-10.7565800808117
5.528,0.340543734910612,-10.7770127049063
5.53,0.340543734910612,-10.797445329001
5.532,0.340543734910612,-10.8178779530956
5.534,0.340543734910612,-10.8383105771902
5.536,0.340543734910612,-10.8587432012849
5.538,0.340543734910612,-10.8791758253795
5.54,0.340543734910612,-10.8996084494741
5.542,0.340543734910612,-10.9200410735688
5.544,0.340543734910612,-10.9404736976634
5.546,0.340543734910612,-10.9609063217581
5.548,0.340543734910612,-10.9813389458527
5.55,0.340543734910612,-11.0017715699473
5.552,0.340543734910612,-11.022204194042
5.554,0.340543734910612,-11.0426368181366
5.556,0.340543734910612,-11.0630694422312
5.558,0.340543734910612,-11.0835020663259
5.56,0.340543734910612,-11.1039346904205
5.562,0.340543734910612,-11.1243673145151
5.564,0.343611696486384,-11.1601397464886
5.566,0.343611696486384,-11.1807564482778
5.568,0.343611696486384,-11.201373150067
5.57,0.343611696486384,-11.2219898518562
5.572,0.343611696486384,-11.2426065536454
5.574,0.343611696486384,-11.2632232554346
5.576,0.343611696486384,-11.2838399572237
5.578,0.343611696486384,-11.3044566590129
5.58,0.343611696486384,-11.3250733608021
5.582,0.343611696486384,-11.3456900625913
5.584,0.343611696486384,-11.3663067643805
5.586,0.343611696486384,-11.3869234661697
5.588,0.343611696486384,-11.4075401679588
5.59,0.343611696486384,-11.428156869748
5.592,0.343611696486384,-11.4487735715372
5.594,0.343611696486384,-11.4693902733264
5.596,0.343611696486384,-11.4900069751156
5.598,0.343611696486384,-11.5106236769048
5.6,0.343611696486384,-11.5312403786939
5.602,0.343611696486384,-11.5518570804831
5.604,0.343611696486384,-11.5724737822723
5.606,0.343611696486384,-11.5930904840615
5.608,0.343611696486384,-11.6137071858507
5.61,0.343611696486384,-11.6343238876399
5.612,0.343611696486384,-11.654940589429
5.614,0.343611696486384,-11.6755572912182
5.616,0.343611696486384,-11.6961739930074
5.618,0.343611696486384,-11.7167906947966
5.62,0.343611696486384,-11.7374073965858
5.622,0.346679658062155,-11.7733639062538
5.624,0.346679658062155,-11.7941646857376
5.626,0.346679658062155,-11.8149654652213
5.628,0.346679658062155,-11.835766244705
5.63,0.346679658062155,-11.8565670241887
5.632,0.346679658062155,-11.8773678036725
5.634,0.346679658062155,-11.8981685831562
5.636,0.346679658062155,-11.9189693626399
5.638,0.346679658062155,-11.9397701421237
5.64,0.346679658062155,-11.9605709216074
5.642,0.346679658062155,-11.9813717010911
5.644,0.346679658062155,-12.0021724805748
5.646,0.346679658062155,-12.0229732600586
5.648,0.349747619637926,-12.0591138474212
5.65,0.349747619637926,-12.0800987045994
5.652,0.349747619637926,-12.1010835617777
5.654,0.349747619637926,-12.122068418956
5.656,0.349747619637926,-12.1430532761343
5.658,0.349747619637926,-12.1640381333125
5.66,0.349747619637926,-12.1850229904908
5.662,0.349747619637926,-12.2060078476691
5.664,0.349747619637926,-12.2269927048474
5.666,0.349747619637926,-12.2479775620256
5.668,0.349747619637926,-12.2689624192039
5.67,0.349747619637926,-12.2899472763822
5.672,0.349747619637926,-12.3109321335605
5.674,0.349747619637926,-12.3319169907387
5.676,0.349747619637926,-12.352901847917
5.678,0.349747619637926,-12.3738867050953
5.68,0.346679658062155,-12.3795317543947
5.682,0.346679658062155,-12.4003325338784
5.684,0.346679658062155,-12.4211333133622
5.686,0.346679658062155,-12.4419340928459
5.688,0.346679658062155,-12.4627348723296
5.69,0.346679658062155,-12.4835356518133
5.692,0.346679658062155,-12.5043364312971
5.694,0.346679658062155,-12.5251372107808
5.696,0.346679658062155,-12.5459379902645
5.698,0.346679658062155,-12.5667387697483
5.7,0.346679658062155,-12.587539549232
5.702,0.343611696486384,-12.5930005208369
5.704,0.343611696486384,-12.613617222626
5.706,0.343611696486384,-12.6342339244152
5.708,0.343611696486384,-12.6548506262044
5.71,0.343611696486384,-12.6754673279936
5.712,0.343611696486384,-12.6960840297828
5.714,0.343611696486384,-12.716700731572
5.716,0.343611696486384,-12.7373174333611
5.718,0.343611696486384,-12.7579341351503
5.72,0.343611696486384,-12.7785508369395
5.722,0.343611696486384,-12.7991675387287
5.724,0.343611696486384,-12.8197842405179
5.726,0.340543734910612,-12.8250611344282
5.728,0.340543734910612,-12.8454937585228
5.73,0.340543734910612,-12.8659263826175
5.732,0.340543734910612,-12.8863590067121
5.734,0.340543734910612,-12.9067916308068
5.736,0.340543734910612,-12.9272242549014
5.738,0.340543734910612,-12.947656878996
5.74,0.340543734910612,-12.9680895030907
5.742,0.340543734910612,-12.9885221271853
5.744,0.340543734910612,-13.0089547512799
5.746,0.340543734910612,-13.0293873753746
5.748,0.340543734910612,-13.0498199994692
5.75,0.340543734910612,-13.0702526235638
5.752,0.337475773334841,-13.0753454397796
5.754,0.337475773334841,-13.0955939861797
5.756,0.337475773334841,-13.1158425325798
5.758,0.337475773334841,-13.1360910789799
5.76,0.337475773334841,-13.15633962538
5.762,0.337475773334841,-13.1765881717801
5.764,0.337475773334841,-13.1968367181802
5.766,0.337475773334841,-13.2170852645803
5.768,0.337475773334841,-13.2373338109804
5.77,0.337475773334841,-13.2575823573804
5.772,0.337475773334841,-13.2778309037805
5.774,0.337475773334841,-13.2980794501806
5.776,0.337475773334841,-13.3183279965807
5.778,0.337475773334841,-13.3385765429808
5.78,0.337475773334841,-13.3588250893809
5.782,0.337475773334841,-13.379073635781
5.784,0.337475773334841,-13.3993221821811
5.786,0.337475773334841,-13.4195707285812
5.788,0.337475773334841,-13.4398192749813
5.79,0.337475773334841,-13.4600678213813
5.792,0.337475773334841,-13.4803163677814
5.794,0.337475773334841,-13.5005649141815
5.796,0.337475773334841,-13.5208134605816
5.798,0.337475773334841,-13.5410620069817
5.8,0.337475773334841,-13.5613105533818
5.802,0.337475773334841,-13.5815590997819
5.804,0.337475773334841,-13.601807646182
5.806,0.337475773334841,-13.6220561925821
5.808,0.337475773334841,-13.6423047389822
5.81,0.337475773334841,-13.6625532853822
5.812,0.337475773334841,-13.6828018317823
5.814,0.337475773334841,-13.7030503781824
5.816,0.337475773334841,-13.7232989245825
5.818,0.337475773334841,-13.7435474709826
5.82,0.337475773334841,-13.7637960173827
5.822,0.337475773334841,-13.7840445637828
5.824,0.337475773334841,-13.8042931101829
5.826,0.337475773334841,-13.824541656583
5.828,0.337475773334841,-13.8447902029831
5.83,0.337475773334841,-13.8650387493831
5.832,0.337475773334841,-13.8852872957832
5.834,0.337475773334841,-13.9055358421833
5.836,0.337475773334841,-13.9257843885834
5.838,0.337475773334841,-13.9460329349835
5.84,0.337475773334841,-13.9662814813836
5.842,0.337475773334841,-13.9865300277837
5.844,0.337475773334841,-14.0067785741838
5.846,0.337475773334841,-14.0270271205839
5.848,0.337475773334841,-14.047275666984
5.85,0.337475773334841,-14.067524213384
5.852,0.337475773334841,-14.0877727597841
5.854,0.337475773334841,-14.1080213061842
5.856,0.337475773334841,-14.1282698525843
5.858,0.337475773334841,-14.1485183989844
5.86,0.337475773334841,-14.1687669453845
5.862,0.337475773334841,-14.1890154917846
5.864,0.337475773334841,-14.2092640381847
5.866,0.337475773334841,-14.2295125845848
5.868,0.337475773334841,-14.2497611309849
5.87,0.337475773334841,-14.2700096773849
5.872,0.337475773334841,-14.290258223785
5.874,0.337475773334841,-14.3105067701851
5.876,0.337475773334841,-14.3307553165852
5.878,0.337475773334841,-14.3510038629853
5.88,0.337475773334841,-14.3712524093854
5.882,0.337475773334841,-14.3915009557855
5.884,0.337475773334841,-14.4117495021856
5.886,0.337475773334841,-14.4319980485857
5.888,0.337475773334841,-14.4522465949858
5.89,0.337475773334841,-14.4724951413858
5.892,0.337475773334841,-14.4927436877859
5.894,0.337475773334841,-14.512992234186
5.896,0.337475773334841,-14.5332407805861
5.898,0.337475773334841,-14.5534893269862
5.9,0.337475773334841,-14.5737378733863
5.902,0.337475773334841,-14.5939864197864
5.904,0.337475773334841,-14.6142349661865
5.906,0.337475773334841,-14.6344835125866
5.908,0.337475773334841,-14.6547320589867
5.91,0.337475773334841,-14.6749806053867
5.912,0.337475773334841,-14.6952291517868
5.914,0.337475773334841,-14.7154776981869
5.916,0.337475773334841,-14.735726244587
5.918,0.337475773334841,-14.7559747909871
5.92,0.337475773334841,-14.7762233373872
5.922,0.337475773334841,-14.7964718837873
5.924,0.337475773334841,-14.8167204301874
5.926,0.337475773334841,-14.8369689765875
5.928,0.337475773334841,-14.8572175229876
5.93,0.337475773334841,-14.8774660693876
5.932,0.33440781175907,-14.8823748079089
5.934,0.33440781175907,-14.9024392766144
5.936,0.33440781175907,-14.92250374532
5.938,0.33440781175907,-14.9425682140255
5.94,0.33440781175907,-14.9626326827311
5.942,0.33440781175907,-14.9826971514366
5.944,0.331339850183298,-14.9874218122633
5.946,0.331339850183298,-15.0073022032743
5.948,0.331339850183298,-15.0271825942853
5.95,0.328271888607527,-15.0317231774174
5.952,0.328271888607527,-15.0514194907339
5.954,0.328271888607527,-15.0711158040503
5.956,0.328271888607527,-15.0908121173668
5.958,0.325203927031756,-15.0951686228044
5.96,0.325203927031756,-15.1146808584263
5.962,0.325203927031756,-15.1341930940482
5.964,0.325203927031756,-15.1537053296701
5.966,0.322135965455985,-15.1578777574131
5.968,0.322135965455985,-15.1772059153405
5.97,0.322135965455985,-15.1965340732679
5.972,0.322135965455985,-15.2158622311952
5.974,0.319068003880213,-15.2198505812437
5.976,0.319068003880213,-15.2389946614765
5.978,0.319068003880213,-15.2581387417093
5.98,0.319068003880213,-15.2772828219422
5.982,0.319068003880213,-15.296426902175
5.984,0.319068003880213,-15.3155709824078
5.986,0.316000042304442,-15.3193752547617
5.988,0.316000042304442,-15.3383352573
5.99,0.316000042304442,-15.3572952598383
5.992,0.316000042304442,-15.3762552623765
5.994,0.316000042304442,-15.3952152649148
5.996,0.316000042304442,-15.4141752674531
5.998,0.316000042304442,-15.4331352699913
6,0.316000042304442,-15.4520952725296
6.002,0.316000042304442,-15.4710552750679
6.004,0.316000042304442,-15.4900152776061
6.006,0.316000042304442,-15.5089752801444
6.008,0.316000042304442,-15.5279352826827
6.01,0.316000042304442,-15.5468952852209
6.012,0.316000042304442,-15.5658552877592
6.014,0.316000042304442,-15.5848152902975
6.016,0.316000042304442,-15.6037752928357
6.018,0.316000042304442,-15.622735295374
6.02,0.316000042304442,-15.6416952979123
6.022,0.316000042304442,-15.6606553004505
6.024,0.316000042304442,-15.6796153029888
6.026,0.316000042304442,-15.6985753055271
6.028,0.316000042304442,-15.7175353080653
6.03,0.316000042304442,-15.7364953106036
6.032,0.316000042304442,-15.7554553131419
6.034,0.316000042304442,-15.7744153156801
6.036,0.316000042304442,-15.7933753182184
6.038,0.316000042304442,-15.8123353207567
6.04,0.319068003880213,-15.8466351311738
6.042,0.319068003880213,-15.8657792114066
6.044,0.319068003880213,-15.8849232916394
6.046,0.319068003880213,-15.9040673718722
6.048,0.319068003880213,-15.923211452105
6.05,0.319068003880213,-15.9423555323379
6.052,0.319068003880213,-15.9614996125707
6.054,0.322135965455985,-15.9959835006823
6.056,0.322135965455985,-16.0153116586097
6.058,0.322135965455985,-16.0346398165371
6.06,0.322135965455985,-16.0539679744644
6.062,0.322135965455985,-16.0732961323918
6.064,0.322135965455985,-16.0926242903191
6.066,0.325203927031756,-16.1272922561254
6.068,0.325203927031756,-16.1468044917473
6.07,0.325203927031756,-16.1663167273692
6.072,0.325203927031756,-16.1858289629911
6.074,0.325203927031756,-16.205341198613
6.076,0.325203927031756,-16.2248534342349
6.078,0.325203927031756,-16.2443656698568
6.08,0.325203927031756,-16.2638779054787
6.082,0.325203927031756,-16.2833901411006
6.084,0.325203927031756,-16.3029023767225
6.086,0.325203927031756,-16.3224146123444
6.088,0.325203927031756,-16.3419268479663
6.09,0.325203927031756,-16.3614390835882
6.092,0.325203927031756,-16.3809513192101
6.094,0.325203927031756,-16.400463554832
6.096,0.325203927031756,-16.4199757904539
6.098,0.325203927031756,-16.4394880260758
6.1,0.328271888607527,-16.4743400695766
6.102,0.328271888607527,-16.494036382893
6.104,0.328271888607527,-16.5137326962095
6.106,0.328271888607527,-16.5334290095259
6.108,0.328271888607527,-16.5531253228424
6.11,0.328271888607527,-16.5728216361589
6.112,0.328271888607527,-16.5925179494753
6.114,0.328271888607527,-16.6122142627918
6.116,0.328271888607527,-16.6319105761082
6.118,0.328271888607527,-16.6516068894247
6.12,0.328271888607527,-16.6713032027411
6.122,0.328271888607527,-16.6909995160576
6.124,0.328271888607527,-16.710695829374
6.126,0.328271888607527,-16.7303921426905
6.128,0.328271888607527,-16.7500884560069
6.13,0.328271888607527,-16.7697847693234
6.132,0.328271888607527,-16.7894810826398
6.134,0.328271888607527,-16.8091773959563
6.136,0.328271888607527,-16.8288737092727
6.138,0.328271888607527,-16.8485700225892
6.14,0.328271888607527,-16.8682663359056
6.142,0.328271888607527,-16.8879626492221
6.144,0.328271888607527,-16.9076589625385
6.146,0.328271888607527,-16.927355275855
6.148,0.328271888607527,-16.9470515891714
6.15,0.328271888607527,-16.9667479024879
6.152,0.328271888607527,-16.9864442158043
6.154,0.328271888607527,-17.0061405291208
6.156,0.328271888607527,-17.0258368424372
6.158,0.328271888607527,-17.0455331557537
6.16,0.328271888607527,-17.0652294690701
6.162,0.328271888607527,-17.0849257823866
6.164,0.328271888607527,-17.104622095703
6.166,0.328271888607527,-17.1243184090195
6.168,0.328271888607527,-17.1440147223359
6.17,0.328271888607527,-17.1637110356524
6.172,0.328271888607527,-17.1834073489689
6.174,0.328271888607527,-17.2031036622853
6.176,0.328271888607527,-17.2227999756018
6.178,0.328271888607527,-17.2424962889182
6.18,0.328271888607527,-17.2621926022347
6.182,0.331339850183298,-17.29722872343
6.184,0.331339850183298,-17.317109114441
6.186,0.331339850183298,-17.336989505452
6.188,0.331339850183298,-17.356869896463
6.19,0.331339850183298,-17.376750287474
6.192,0.331339850183298,-17.396630678485
6.194,0.331339850183298,-17.416511069496
6.196,0.331339850183298,-17.436391460507
6.198,0.331339850183298,-17.456271851518
6.2,0.331339850183298,-17.476152242529
6.202,0.331339850183298,-17.49603263354
6.204,0.331339850183298,-17.5159130245509
6.206,0.331339850183298,-17.5357934155619
6.208,0.331339850183298,-17.5556738065729
6.21,0.331339850183298,-17.5755541975839
6.212,0.331339850183298,-17.5954345885949
6.214,0.331339850183298,-17.6153149796059
6.216,0.331339850183298,-17.6351953706169
6.218,0.331339850183298,-17.6550757616279
6.22,0.331339850183298,-17.6749561526389
6.222,0.331339850183298,-17.6948365436499
6.224,0.331339850183298,-17.7147169346609
6.226,0.33440781175907,-17.7499371335508
6.228,0.33440781175907,-17.7700016022563
6.23,0.33440781175907,-17.7900660709619
6.232,0.33440781175907,-17.8101305396674
6.234,0.33440781175907,-17.830195008373
6.236,0.33440781175907,-17.8502594770785
6.238,0.33440781175907,-17.8703239457841
6.24,0.33440781175907,-17.8903884144896
6.242,0.33440781175907,-17.9104528831951
6.244,0.33440781175907,-17.9305173519007
6.246,0.33440781175907,-17.9505818206062
6.248,0.33440781175907,-17.9706462893118
6.25,0.33440781175907,-17.9907107580173
6.252,0.33440781175907,-18.0107752267229
6.254,0.33440781175907,-18.0308396954284
6.256,0.33440781175907,-18.050904164134
6.258,0.33440781175907,-18.0709686328395
6.26,0.33440781175907,-18.091033101545
6.262,0.33440781175907,-18.1110975702506
6.264,0.33440781175907,-18.1311620389561
6.266,0.33440781175907,-18.1512265076617
6.268,0.33440781175907,-18.1712909763672
6.27,0.33440781175907,-18.1913554450728
6.272,0.33440781175907,-18.2114199137783
6.274,0.33440781175907,-18.2314843824839
6.276,0.33440781175907,-18.2515488511894
6.278,0.33440781175907,-18.271613319895
6.28,0.33440781175907,-18.2916777886005
6.282,0.33440781175907,-18.311742257306
6.284,0.33440781175907,-18.3318067260116
6.286,0.33440781175907,-18.3518711947171
6.288,0.33440781175907,-18.3719356634227
6.29,0.33440781175907,-18.3920001321282
6.292,0.33440781175907,-18.4120646008338
6.294,0.33440781175907,-18.4321290695393
6.296,0.33440781175907,-18.4521935382449
6.298,0.33440781175907,-18.4722580069504
6.3,0.33440781175907,-18.4923224756559
6.302,0.33440781175907,-18.5123869443615
6.304,0.33440781175907,-18.532451413067
6.306,0.33440781175907,-18.5525158817726
6.308,0.33440781175907,-18.5725803504781
6.31,0.33440781175907,-18.5926448191837
6.312,0.33440781175907,-18.6127092878892
6.314,0.33440781175907,-18.6327737565948
6.316,0.33440781175907,-18.6528382253003
6.318,0.33440781175907,-18.6729026940059
6.32,0.33440781175907,-18.6929671627114
6.322,0.33440781175907,-18.7130316314169
6.324,0.33440781175907,-18.7330961001225
6.326,0.33440781175907,-18.753160568828
6.328,0.33440781175907,-18.7732250375336
6.33,0.33440781175907,-18.7932895062391
6.332,0.33440781175907,-18.8133539749447
6.334,0.337475773334841,-18.8487582515291
6.336,0.337475773334841,-18.8690067979292
6.338,0.337475773334841,-18.8892553443293
6.34,0.337475773334841,-18.9095038907293
6.342,0.337475773334841,-18.9297524371294
6.344,0.337475773334841,-18.9500009835295
6.346,0.337475773334841,-18.9702495299296
6.348,0.337475773334841,-18.9904980763297
6.35,0.337475773334841,-19.0107466227298
6.352,0.337475773334841,-19.0309951691299
6.354,0.337475773334841,-19.05124371553
6.356,0.337475773334841,-19.0714922619301
6.358,0.337475773334841,-19.0917408083302
6.36,0.337475773334841,-19.1119893547302
6.362,0.337475773334841,-19.1322379011303
6.364,0.337475773334841,-19.1524864475304
6.366,0.337475773334841,-19.1727349939305
6.368,0.337475773334841,-19.1929835403306
6.37,0.337475773334841,-19.2132320867307
6.372,0.337475773334841,-19.2334806331308
6.374,0.337475773334841,-19.2537291795309
6.376,0.337475773334841,-19.273977725931
6.378,0.337475773334841,-19.2942262723311
6.38,0.337475773334841,-19.3144748187311
6.382,0.337475773334841,-19.3347233651312
6.384,0.337475773334841,-19.3549719115313
6.386,0.337475773334841,-19.3752204579314
6.388,0.337475773334841,-19.3954690043315
6.39,0.337475773334841,-19.4157175507316
6.392,0.337475773334841,-19.4359660971317
6.394,0.337475773334841,-19.4562146435318
6.396,0.337475773334841,-19.4764631899319
6.398,0.337475773334841,-19.496711736332
6.4,0.337475773334841,-19.516960282732
6.402,0.337475773334841,-19.5372088291321
6.404,0.337475773334841,-19.5574573755322
6.406,0.337475773334841,-19.5777059219323
6.408,0.337475773334841,-19.5979544683324
6.41,0.337475773334841,-19.6182030147325
6.412,0.337475773334841,-19.6384515611326
6.414,0.337475773334841,-19.6587001075327
6.416,0.337475773334841,-19.6789486539328
6.418,0.337475773334841,-19.6991972003329
6.42,0.337475773334841,-19.7194457467329
6.422,0.337475773334841,-19.739694293133
6.424,0.337475773334841,-19.7599428395331
6.426,0.337475773334841,-19.7801913859332
6.428,0.337475773334841,-19.8004399323333
6.43,0.337475773334841,-19.8206884787334
6.432,0.340543734910612,-19.8562768330123
6.434,0.340543734910612,-19.876709457107
6.436,0.340543734910612,-19.8971420812016
6.438,0.340543734910612,-19.9175747052962
6.44,0.340543734910612,-19.9380073293909
6.442,0.340543734910612,-19.9584399534855
6.444,0.340543734910612,-19.9788725775802
6.446,0.340543734910612,-19.9993052016748
6.448,0.340543734910612,-20.0197378257694
6.45,0.340543734910612,-20.0401704498641
6.452,0.340543734910612,-20.0606030739587
6.454,0.340543734910612,-20.0810356980533
6.456,0.340543734910612,-20.101468322148
6.458,0.340543734910612,-20.1219009462426
6.46,0.340543734910612,-20.1423335703372
6.462,0.340543734910612,-20.1627661944319
6.464,0.340543734910612,-20.1831988185265
6.466,0.340543734910612,-20.2036314426211
6.468,0.340543734910612,-20.2240640667158
6.47,0.340543734910612,-20.2444966908104
6.472,0.340543734910612,-20.264929314905
6.474,0.340543734910612,-20.2853619389997
6.476,0.340543734910612,-20.3057945630943
6.478,0.340543734910612,-20.326227187189
6.48,0.340543734910612,-20.3466598112836
6.482,0.340543734910612,-20.3670924353782
6.484,0.340543734910612,-20.3875250594729
6.486,0.340543734910612,-20.4079576835675
6.488,0.340543734910612,-20.4283903076621
6.49,0.340543734910612,-20.4488229317568
6.492,0.340543734910612,-20.4692555558514
6.494,0.340543734910612,-20.489688179946
6.496,0.340543734910612,-20.5101208040407
6.498,0.340543734910612,-20.5305534281353
6.5,0.340543734910612,-20.5509860522299
6.502,0.340543734910612,-20.5714186763246
6.504,0.340543734910612,-20.5918513004192
6.506,0.340543734910612,-20.6122839245138
6.508,0.340543734910612,-20.6327165486085
6.51,0.340543734910612,-20.6531491727031
6.512,0.340543734910612,-20.6735817967977
6.514,0.340543734910612,-20.6940144208924
6.516,0.340543734910612,-20.714447044987
6.518,0.340543734910612,-20.7348796690817
6.52,0.340543734910612,-20.7553122931763
6.522,0.340543734910612,-20.7757449172709
6.524,0.340543734910612,-20.7961775413656
6.526,0.340543734910612,-20.8166101654602
6.528,0.340543734910612,-20.8370427895548
6.53,0.340543734910612,-20.8574754136495
6.532,0.340543734910612,-20.8779080377441
6.534,0.340543734910612,-20.8983406618387
6.536,0.340543734910612,-20.9187732859334
6.538,0.340543734910612,-20.939205910028
6.54,0.340543734910612,-20.9596385341226
6.542,0.340543734910612,-20.9800711582173
6.544,0.340543734910612,-21.0005037823119
6.546,0.340543734910612,-21.0209364064065
6.548,0.340543734910612,-21.0413690305012
6.55,0.340543734910612,-21.0618016545958
6.552,0.340543734910612,-21.0822342786904
6.554,0.340543734910612,-21.1026669027851
6.556,0.340543734910612,-21.1230995268797
6.558,0.340543734910612,-21.1435321509744
6.56,0.340543734910612,-21.163964775069
6.562,0.340543734910612,-21.1843973991636
6.564,0.340543734910612,-21.2048300232583
6.566,0.340543734910612,-21.2252626473529
6.568,0.340543734910612,-21.2456952714475
6.57,0.340543734910612,-21.2661278955422
6.572,0.340543734910612,-21.2865605196368
6.574,0.337475773334841,-21.2916533358526
6.576,0.337475773334841,-21.3119018822527
6.578,0.337475773334841,-21.3321504286528
6.58,0.337475773334841,-21.3523989750529
6.582,0.337475773334841,-21.3726475214529
6.584,0.337475773334841,-21.392896067853
6.586,0.337475773334841,-21.4131446142531
6.588,0.337475773334841,-21.4333931606532
6.59,0.337475773334841,-21.4536417070533
6.592,0.337475773334841,-21.4738902534534
6.594,0.337475773334841,-21.4941387998535
6.596,0.337475773334841,-21.5143873462536
6.598,0.337475773334841,-21.5346358926537
6.6,0.337475773334841,-21.5548844390538
6.602,0.337475773334841,-21.5751329854538
6.604,0.337475773334841,-21.5953815318539
6.606,0.337475773334841,-21.615630078254
6.608,0.337475773334841,-21.6358786246541
6.61,0.337475773334841,-21.6561271710542
6.612,0.337475773334841,-21.6763757174543
6.614,0.337475773334841,-21.6966242638544
6.616,0.337475773334841,-21.7168728102545
6.618,0.337475773334841,-21.7371213566546
6.62,0.337475773334841,-21.7573699030547
6.622,0.337475773334841,-21.7776184494547
6.624,0.337475773334841,-21.7978669958548
6.626,0.337475773334841,-21.8181155422549
6.628,0.337475773334841,-21.838364088655
6.63,0.337475773334841,-21.8586126350551
6.632,0.337475773334841,-21.8788611814552
6.634,0.337475773334841,-21.8991097278553
6.636,0.337475773334841,-21.9193582742554
6.638,0.337475773334841,-21.9396068206555
6.64,0.337475773334841,-21.9598553670556
6.642,0.337475773334841,-21.9801039134556
6.644,0.337475773334841,-22.0003524598557
6.646,0.337475773334841,-22.0206010062558
6.648,0.337475773334841,-22.0408495526559
6.65,0.337475773334841,-22.061098099056
6.652,0.337475773334841,-22.0813466454561
6.654,0.337475773334841,-22.1015951918562
6.656,0.337475773334841,-22.1218437382563
6.658,0.337475773334841,-22.1420922846564
6.66,0.337475773334841,-22.1623408310565
6.662,0.337475773334841,-22.1825893774565
6.664,0.337475773334841,-22.2028379238566
6.666,0.337475773334841,-22.2230864702567
6.668,0.337475773334841,-22.2433350166568
6.67,0.337475773334841,-22.2635835630569
6.672,0.337475773334841,-22.283832109457
6.674,0.337475773334841,-22.3040806558571
6.676,0.337475773334841,-22.3243292022572
6.678,0.337475773334841,-22.3445777486573
6.68,0.337475773334841,-22.3648262950574
6.682,0.337475773334841,-22.3850748414574
6.684,0.337475773334841,-22.4053233878575
6.686,0.337475773334841,-22.4255719342576
6.688,0.337475773334841,-22.4458204806577
6.69,0.337475773334841,-22.4660690270578
6.692,0.337475773334841,-22.4863175734579
6.694,0.337475773334841,-22.506566119858
6.696,0.337475773334841,-22.5268146662581
6.698,0.337475773334841,-22.5470632126582
6.7,0.337475773334841,-22.5673117590583
6.702,0.337475773334841,-22.5875603054583
6.704,0.337475773334841,-22.6078088518584
6.706,0.337475773334841,-22.6280573982585
6.708,0.337475773334841,-22.6483059446586
6.71,0.337475773334841,-22.6685544910587
6.712,0.337475773334841,-22.6888030374588
6.714,0.337475773334841,-22.7090515838589
6.716,0.337475773334841,-22.729300130259
6.718,0.337475773334841,-22.7495486766591
6.72,0.337475773334841,-22.7697972230592
6.722,0.337475773334841,-22.7900457694592
6.724,0.337475773334841,-22.8102943158593
6.726,0.337475773334841,-22.8305428622594
6.728,0.337475773334841,-22.8507914086595
6.73,0.337475773334841,-22.8710399550596
6.732,0.337475773334841,-22.8912885014597
6.734,0.337475773334841,-22.9115370478598
6.736,0.337475773334841,-22.9317855942599
6.738,0.337475773334841,-22.95203414066
6.74,0.337475773334841,-22.9722826870601
6.742,0.337475773334841,-22.9925312334601
6.744,0.337475773334841,-23.0127797798602
6.746,0.337475773334841,-23.0330283262603
6.748,0.337475773334841,-23.0532768726604
6.75,0.337475773334841,-23.0735254190605
6.752,0.337475773334841,-23.0937739654606
6.754,0.337475773334841,-23.1140225118607
6.756,0.337475773334841,-23.1342710582608
6.758,0.337475773334841,-23.1545196046609
6.76,0.337475773334841,-23.174768151061
6.762,0.337475773334841,-23.195016697461
6.764,0.337475773334841,-23.2152652438611
6.766,0.340543734910612,-23.2508535981401
6.768,0.340543734910612,-23.2712862222347
6.77,0.340543734910612,-23.2917188463294
6.772,0.340543734910612,-23.312151470424
6.774,0.340543734910612,-23.3325840945186
6.776,0.340543734910612,-23.3530167186133
6.778,0.340543734910612,-23.3734493427079
6.78,0.340543734910612,-23.3938819668025
6.782,0.340543734910612,-23.4143145908972
6.784,0.340543734910612,-23.4347472149918
6.786,0.340543734910612,-23.4551798390864
6.788,0.340543734910612,-23.4756124631811
6.79,0.340543734910612,-23.4960450872757
6.792,0.340543734910612,-23.5164777113703
6.794,0.340543734910612,-23.536910335465
6.796,0.340543734910612,-23.5573429595596
6.798,0.340543734910612,-23.5777755836542
6.8,0.340543734910612,-23.5982082077489
6.802,0.340543734910612,-23.6186408318435
6.804,0.340543734910612,-23.6390734559382
6.806,0.340543734910612,-23.6595060800328
6.808,0.340543734910612,-23.6799387041274
6.81,0.340543734910612,-23.7003713282221
6.812,0.340543734910612,-23.7208039523167
6.814,0.340543734910612,-23.7412365764113
6.816,0.340543734910612,-23.761669200506
6.818,0.340543734910612,-23.7821018246006
6.82,0.340543734910612,-23.8025344486952
6.822,0.340543734910612,-23.8229670727899
6.824,0.340543734910612,-23.8433996968845
6.826,0.340543734910612,-23.8638323209791
6.828,0.340543734910612,-23.8842649450738
6.83,0.340543734910612,-23.9046975691684
6.832,0.340543734910612,-23.925130193263
6.834,0.340543734910612,-23.9455628173577
6.836,0.340543734910612,-23.9659954414523
6.838,0.340543734910612,-23.9864280655469
6.84,0.340543734910612,-24.0068606896416
6.842,0.340543734910612,-24.0272933137362
6.844,0.340543734910612,-24.0477259378309
6.846,0.340543734910612,-24.0681585619255
6.848,0.340543734910612,-24.0885911860201
6.85,0.340543734910612,-24.1090238101148
6.852,0.340543734910612,-24.1294564342094
6.854,0.340543734910612,-24.149889058304
6.856,0.337475773334841,-24.1549818745198
6.858,0.337475773334841,-24.1752304209199
6.86,0.337475773334841,-24.19547896732
6.862,0.337475773334841,-24.2157275137201
6.864,0.337475773334841,-24.2359760601202
6.866,0.337475773334841,-24.2562246065203
6.868,0.337475773334841,-24.2764731529203
6.87,0.337475773334841,-24.2967216993204
6.872,0.337475773334841,-24.3169702457205
6.874,0.337475773334841,-24.3372187921206
6.876,0.337475773334841,-24.3574673385207
6.878,0.337475773334841,-24.3777158849208
6.88,0.337475773334841,-24.3979644313209
6.882,0.337475773334841,-24.418212977721
6.884,0.337475773334841,-24.4384615241211
6.886,0.337475773334841,-24.4587100705212
6.888,0.337475773334841,-24.4789586169213
6.89,0.337475773334841,-24.4992071633213
6.892,0.337475773334841,-24.5194557097214
6.894,0.337475773334841,-24.5397042561215
6.896,0.33440781175907,-24.5446129946428
6.898,0.33440781175907,-24.5646774633483
6.9,0.33440781175907,-24.5847419320538
6.902,0.33440781175907,-24.6048064007594
6.904,0.33440781175907,-24.6248708694649
6.906,0.33440781175907,-24.6449353381705
6.908,0.33440781175907,-24.664999806876
6.91,0.33440781175907,-24.6850642755816
6.912,0.33440781175907,-24.7051287442871
6.914,0.33440781175907,-24.7251932129927
6.916,0.33440781175907,-24.7452576816982
6.918,0.33440781175907,-24.7653221504038
6.92,0.33440781175907,-24.7853866191093
6.922,0.33440781175907,-24.8054510878148
6.924,0.33440781175907,-24.8255155565204
6.926,0.33440781175907,-24.8455800252259
6.928,0.33440781175907,-24.8656444939315
6.93,0.33440781175907,-24.885708962637
6.932,0.33440781175907,-24.9057734313426
6.934,0.33440781175907,-24.9258379000481
6.936,0.33440781175907,-24.9459023687537
6.938,0.33440781175907,-24.9659668374592
6.94,0.33440781175907,-24.9860313061647
6.942,0.33440781175907,-25.0060957748703
6.944,0.33440781175907,-25.0261602435758
6.946,0.33440781175907,-25.0462247122814
6.948,0.33440781175907,-25.0662891809869
6.95,0.33440781175907,-25.0863536496925
6.952,0.33440781175907,-25.106418118398
6.954,0.33440781175907,-25.1264825871036
6.956,0.33440781175907,-25.1465470558091
6.958,0.33440781175907,-25.1666115245147
6.96,0.33440781175907,-25.1866759932202
6.962,0.33440781175907,-25.2067404619257
6.964,0.33440781175907,-25.2268049306313
6.966,0.33440781175907,-25.2468693993368
6.968,0.33440781175907,-25.2669338680424
6.97,0.33440781175907,-25.2869983367479
6.972,0.33440781175907,-25.3070628054535
6.974,0.33440781175907,-25.327127274159
6.976,0.33440781175907,-25.3471917428646
6.978,0.33440781175907,-25.3672562115701
6.98,0.33440781175907,-25.3873206802756
6.982,0.33440781175907,-25.4073851489812
6.984,0.33440781175907,-25.4274496176867
6.986,0.33440781175907,-25.4475140863923
6.988,0.33440781175907,-25.4675785550978
6.99,0.33440781175907,-25.4876430238034
6.992,0.33440781175907,-25.5077074925089
6.994,0.33440781175907,-25.5277719612145
6.996,0.33440781175907,-25.54783642992
6.998,0.33440781175907,-25.5679008986256
7,0.33440781175907,-25.5879653673311
7.002,0.33440781175907,-25.6080298360366
7.004,0.33440781175907,-25.6280943047422
7.006,0.33440781175907,-25.6481587734477
7.008,0.33440781175907,-25.6682232421533
7.01,0.33440781175907,-25.6882877108588
7.012,0.33440781175907,-25.7083521795644
7.014,0.33440781175907,-25.7284166482699
7.016,0.33440781175907,-25.7484811169755
7.018,0.33440781175907,-25.768545585681
7.02,0.33440781175907,-25.7886100543866
7.022,0.33440781175907,-25.8086745230921
7.024,0.33440781175907,-25.8287389917976
7.026,0.33440781175907,-25.8488034605032
7.028,0.33440781175907,-25.8688679292087
7.03,0.33440781175907,-25.8889323979143
7.032,0.33440781175907,-25.9089968666198
7.034,0.33440781175907,-25.9290613353254
7.036,0.33440781175907,-25.9491258040309
7.038,0.33440781175907,-25.9691902727365
7.04,0.33440781175907,-25.989254741442
7.042,0.33440781175907,-26.0093192101475
7.044,0.33440781175907,-26.0293836788531
7.046,0.33440781175907,-26.0494481475586
7.048,0.33440781175907,-26.0695126162642
7.05,0.33440781175907,-26.0895770849697
7.052,0.33440781175907,-26.1096415536753
7.054,0.33440781175907,-26.1297060223808
7.056,0.33440781175907,-26.1497704910864
7.058,0.337475773334841,-26.1851747676708
7.06,0.337475773334841,-26.2054233140709
7.062,0.337475773334841,-26.2256718604709
7.064,0.337475773334841,-26.245920406871
7.066,0.337475773334841,-26.2661689532711
7.068,0.337475773334841,-26.2864174996712
7.07,0.337475773334841,-26.3066660460713
7.072,0.337475773334841,-26.3269145924714
7.074,0.337475773334841,-26.3471631388715
7.076,0.337475773334841,-26.3674116852716
7.078,0.337475773334841,-26.3876602316717
7.08,0.337475773334841,-26.4079087780718
7.082,0.337475773334841,-26.4281573244718
7.084,0.337475773334841,-26.4484058708719
7.086,0.337475773334841,-26.468654417272
7.088,0.337475773334841,-26.4889029636721
7.09,0.337475773334841,-26.5091515100722
7.092,0.337475773334841,-26.5294000564723
7.094,0.337475773334841,-26.5496486028724
7.096,0.337475773334841,-26.5698971492725
7.098,0.337475773334841,-26.5901456956726
7.1,0.337475773334841,-26.6103942420727
7.102,0.337475773334841,-26.6306427884727
7.104,0.337475773334841,-26.6508913348728
7.106,0.337475773334841,-26.6711398812729
7.108,0.337475773334841,-26.691388427673
7.11,0.337475773334841,-26.7116369740731
7.112,0.337475773334841,-26.7318855204732
7.114,0.337475773334841,-26.7521340668733
7.116,0.337475773334841,-26.7723826132734
7.118,0.337475773334841,-26.7926311596735
7.12,0.337475773334841,-26.8128797060736
7.122,0.337475773334841,-26.8331282524736
7.124,0.337475773334841,-26.8533767988737
7.126,0.337475773334841,-26.8736253452738
7.128,0.337475773334841,-26.8938738916739
7.13,0.337475773334841,-26.914122438074
7.132,0.337475773334841,-26.9343709844741
7.134,0.337475773334841,-26.9546195308742
7.136,0.337475773334841,-26.9748680772743
7.138,0.337475773334841,-26.9951166236744
7.14,0.337475773334841,-27.0153651700745
7.142,0.337475773334841,-27.0356137164746
7.144,0.337475773334841,-27.0558622628746
7.146,0.340543734910612,-27.0914506171536
7.148,0.340543734910612,-27.1118832412482
7.15,0.340543734910612,-27.1323158653429
7.152,0.340543734910612,-27.1527484894375
7.154,0.340543734910612,-27.1731811135321
7.156,0.340543734910612,-27.1936137376268
7.158,0.340543734910612,-27.2140463617214
7.16,0.340543734910612,-27.234478985816
7.162,0.340543734910612,-27.2549116099107
7.164,0.340543734910612,-27.2753442340053
7.166,0.340543734910612,-27.2957768580999
7.168,0.340543734910612,-27.3162094821946
7.17,0.340543734910612,-27.3366421062892
7.172,0.340543734910612,-27.3570747303838
7.174,0.340543734910612,-27.3775073544785
7.176,0.340543734910612,-27.3979399785731
7.178,0.340543734910612,-27.4183726026677
7.18,0.340543734910612,-27.4388052267624
7.182,0.340543734910612,-27.459237850857
7.184,0.340543734910612,-27.4796704749517
7.186,0.340543734910612,-27.5001030990463
7.188,0.340543734910612,-27.5205357231409
7.19,0.340543734910612,-27.5409683472356
7.192,0.340543734910612,-27.5614009713302
7.194,0.340543734910612,-27.5818335954248
7.196,0.340543734910612,-27.6022662195195
7.198,0.340543734910612,-27.6226988436141
7.2,0.340543734910612,-27.6431314677087
7.202,0.340543734910612,-27.6635640918034
7.204,0.340543734910612,-27.683996715898
7.206,0.340543734910612,-27.7044293399926
7.208,0.340543734910612,-27.7248619640873
7.21,0.340543734910612,-27.7452945881819
7.212,0.340543734910612,-27.7657272122765
7.214,0.340543734910612,-27.7861598363712
7.216,0.340543734910612,-27.8065924604658
7.218,0.340543734910612,-27.8270250845605
7.22,0.340543734910612,-27.8474577086551
7.222,0.340543734910612,-27.8678903327497
7.224,0.340543734910612,-27.8883229568444
7.226,0.340543734910612,-27.908755580939
7.228,0.340543734910612,-27.9291882050336
7.23,0.340543734910612,-27.9496208291283
7.232,0.340543734910612,-27.9700534532229
7.234,0.340543734910612,-27.9904860773175
7.236,0.340543734910612,-28.0109187014122
7.238,0.340543734910612,-28.0313513255068
7.24,0.340543734910612,-28.0517839496014
7.242,0.340543734910612,-28.0722165736961
7.244,0.340543734910612,-28.0926491977907
7.246,0.340543734910612,-28.1130818218853
7.248,0.340543734910612,-28.13351444598
7.25,0.340543734910612,-28.1539470700746
7.252,0.340543734910612,-28.1743796941692
7.254,0.340543734910612,-28.1948123182639
7.256,0.340543734910612,-28.2152449423585
7.258,0.340543734910612,-28.2356775664532
7.26,0.340543734910612,-28.2561101905478
7.262,0.340543734910612,-28.2765428146424
7.264,0.340543734910612,-28.2969754387371
7.266,0.340543734910612,-28.3174080628317
7.268,0.340543734910612,-28.3378406869263
7.27,0.340543734910612,-28.358273311021
7.272,0.340543734910612,-28.3787059351156
7.274,0.340543734910612,-28.3991385592102
7.276,0.340543734910612,-28.4195711833049
7.278,0.340543734910612,-28.4400038073995
7.28,0.340543734910612,-28.4604364314941
7.282,0.340543734910612,-28.4808690555888
7.284,0.340543734910612,-28.5013016796834
7.286,0.340543734910612,-28.521734303778
7.288,0.340543734910612,-28.5421669278727
7.29,0.340543734910612,-28.5625995519673
7.292,0.340543734910612,-28.5830321760619
7.294,0.340543734910612,-28.6034648001566
7.296,0.340543734910612,-28.6238974242512
7.298,0.340543734910612,-28.6443300483459
7.3,0.340543734910612,-28.6647626724405
7.302,0.340543734910612,-28.6851952965351
7.304,0.340543734910612,-28.7056279206298
7.306,0.340543734910612,-28.7260605447244
7.308,0.340543734910612,-28.746493168819
7.31,0.340543734910612,-28.7669257929137
7.312,0.340543734910612,-28.7873584170083
7.314,0.340543734910612,-28.8077910411029
7.316,0.340543734910612,-28.8282236651976
7.318,0.340543734910612,-28.8486562892922
7.32,0.340543734910612,-28.8690889133868
7.322,0.340543734910612,-28.8895215374815
7.324,0.340543734910612,-28.9099541615761
7.326,0.340543734910612,-28.9303867856707
7.328,0.340543734910612,-28.9508194097654
7.33,0.340543734910612,-28.97125203386
7.332,0.340543734910612,-28.9916846579547
7.334,0.340543734910612,-29.0121172820493
7.336,0.340543734910612,-29.0325499061439
7.338,0.340543734910612,-29.0529825302386
7.34,0.340543734910612,-29.0734151543332
7.342,0.340543734910612,-29.0938477784278
7.344,0.340543734910612,-29.1142804025225
7.346,0.340543734910612,-29.1347130266171
7.348,0.340543734910612,-29.1551456507117
7.35,0.340543734910612,-29.1755782748064
7.352,0.340543734910612,-29.196010898901
7.354,0.340543734910612,-29.2164435229956
7.356,0.340543734910612,-29.2368761470903
7.358,0.340543734910612,-29.2573087711849
7.36,0.340543734910612,-29.2777413952795
7.362,0.340543734910612,-29.2981740193742
7.364,0.340543734910612,-29.3186066434688
7.366,0.340543734910612,-29.3390392675634
7.368,0.340543734910612,-29.3594718916581
7.37,0.340543734910612,-29.3799045157527
7.372,0.340543734910612,-29.4003371398474
7.374,0.340543734910612,-29.420769763942
7.376,0.340543734910612,-29.4412023880366
7.378,0.340543734910612,-29.4616350121313
7.38,0.340543734910612,-29.4820676362259
7.382,0.340543734910612,-29.5025002603205
7.384,0.340543734910612,-29.5229328844152
7.386,0.340543734910612,-29.5433655085098
7.388,0.340543734910612,-29.5637981326044
7.39,0.340543734910612,-29.5842307566991
7.392,0.340543734910612,-29.6046633807937
7.394,0.340543734910612,-29.6250960048883
7.396,0.340543734910612,-29.645528628983
7.398,0.340543734910612,-29.6659612530776
7.4,0.340543734910612,-29.6863938771722
7.402,0.340543734910612,-29.7068265012669
7.404,0.340543734910612,-29.7272591253615
7.406,0.340543734910612,-29.7476917494561
7.408,0.340543734910612,-29.7681243735508
7.41,0.340543734910612,-29.7885569976454
7.412,0.340543734910612,-29.8089896217401
7.414,0.340543734910612,-29.8294222458347
7.416,0.340543734910612,-29.8498548699293
7.418,0.340543734910612,-29.870287494024
7.42,0.340543734910612,-29.8907201181186
7.422,0.340543734910612,-29.9111527422132
7.424,0.340543734910612,-29.9315853663079
7.426,0.340543734910612,-29.9520179904025
7.428,0.340543734910612,-29.9724506144971
7.43,0.340543734910612,-29.9928832385918
7.432,0.340543734910612,-30.0133158626864
7.434,0.340543734910612,-30.033748486781
7.436,0.340543734910612,-30.0541811108757
7.438,0.340543734910612,-30.0746137349703
7.44,0.340543734910612,-30.0950463590649
7.442,0.340543734910612,-30.1154789831596
7.444,0.340543734910612,-30.1359116072542
7.446,0.340543734910612,-30.1563442313489
7.448,0.340543734910612,-30.1767768554435
7.45,0.340543734910612,-30.1972094795381
7.452,0.340543734910612,-30.2176421036328
7.454,0.340543734910612,-30.2380747277274
7.456,0.340543734910612,-30.258507351822
7.458,0.340543734910612,-30.2789399759167
7.46,0.340543734910612,-30.2993726000113
7.462,0.340543734910612,-30.3198052241059
7.464,0.340543734910612,-30.3402378482006
7.466,0.340543734910612,-30.3606704722952
7.468,0.340543734910612,-30.3811030963898
7.47,0.340543734910612,-30.4015357204845
7.472,0.340543734910612,-30.4219683445791
7.474,0.340543734910612,-30.4424009686737
7.476,0.340543734910612,-30.4628335927684
7.478,0.340543734910612,-30.483266216863
7.48,0.340543734910612,-30.5036988409576
7.482,0.340543734910612,-30.5241314650523
7.484,0.340543734910612,-30.5445640891469
7.486,0.340543734910612,-30.5649967132416
7.488,0.340543734910612,-30.5854293373362
7.49,0.340543734910612,-30.6058619614308
7.492,0.340543734910612,-30.6262945855255
7.494,0.340543734910612,-30.6467272096201
7.496,0.340543734910612,-30.6671598337147
7.498,0.340543734910612,-30.6875924578094
7.5,0.340543734910612,-30.708025081904
7.502,0.340543734910612,-30.7284577059986
7.504,0.340543734910612,-30.7488903300933
7.506,0.340543734910612,-30.7693229541879
7.508,0.340543734910612,-30.7897555782825
7.51,0.340543734910612,-30.8101882023772
7.512,0.340543734910612,-30.8306208264718
7.514,0.340543734910612,-30.8510534505664
7.516,0.340543734910612,-30.8714860746611
7.518,0.340543734910612,-30.8919186987557
7.52,0.340543734910612,-30.9123513228503
7.522,0.340543734910612,-30.932783946945
7.524,0.340543734910612,-30.9532165710396
7.526,0.340543734910612,-30.9736491951343
7.528,0.340543734910612,-30.9940818192289
7.53,0.340543734910612,-31.0145144433235
7.532,0.340543734910612,-31.0349470674182
7.534,0.340543734910612,-31.0553796915128
7.536,0.340543734910612,-31.0758123156074
7.538,0.340543734910612,-31.0962449397021
7.54,0.340543734910612,-31.1166775637967
7.542,0.340543734910612,-31.1371101878913
7.544,0.340543734910612,-31.157542811986
7.546,0.340543734910612,-31.1779754360806
7.548,0.340543734910612,-31.1984080601752
7.55,0.340543734910612,-31.2188406842699
7.552,0.340543734910612,-31.2392733083645
7.554,0.340543734910612,-31.2597059324591
7.556,0.340543734910612,-31.2801385565538
7.558,0.340543734910612,-31.3005711806484
7.56,0.340543734910612,-31.3210038047431
7.562,0.340543734910612,-31.3414364288377
7.564,0.340543734910612,-31.3618690529323
7.566,0.340543734910612,-31.382301677027
7.568,0.340543734910612,-31.4027343011216
7.57,0.340543734910612,-31.4231669252162
7.572,0.340543734910612,-31.4435995493109
7.574,0.340543734910612,-31.4640321734055
7.576,0.340543734910612,-31.4844647975001
7.578,0.340543734910612,-31.5048974215948
7.58,0.343611696486384,-31.5406698535683
7.582,0.343611696486384,-31.5612865553574
7.584,0.343611696486384,-31.5819032571466
7.586,0.343611696486384,-31.6025199589358
7.588,0.343611696486384,-31.623136660725
7.59,0.343611696486384,-31.6437533625142
7.592,0.343611696486384,-31.6643700643034
7.594,0.343611696486384,-31.6849867660925
7.596,0.343611696486384,-31.7056034678817
7.598,0.343611696486384,-31.7262201696709
7.6,0.343611696486384,-31.7468368714601
7.602,0.343611696486384,-31.7674535732493
7.604,0.343611696486384,-31.7880702750385
7.606,0.343611696486384,-31.8086869768276
7.608,0.343611696486384,-31.8293036786168
7.61,0.343611696486384,-31.849920380406
7.612,0.343611696486384,-31.8705370821952
7.614,0.343611696486384,-31.8911537839844
7.616,0.343611696486384,-31.9117704857736
7.618,0.343611696486384,-31.9323871875627
7.62,0.343611696486384,-31.9530038893519
7.622,0.343611696486384,-31.9736205911411
7.624,0.343611696486384,-31.9942372929303
7.626,0.343611696486384,-32.0148539947195
7.628,0.343611696486384,-32.0354706965087
7.63,0.343611696486384,-32.0560873982978
7.632,0.343611696486384,-32.076704100087
7.634,0.343611696486384,-32.0973208018762
7.636,0.343611696486384,-32.1179375036654
7.638,0.343611696486384,-32.1385542054546
7.64,0.343611696486384,-32.1591709072438
7.642,0.343611696486384,-32.1797876090329
7.644,0.343611696486384,-32.2004043108221
7.646,0.343611696486384,-32.2210210126113
7.648,0.343611696486384,-32.2416377144005
7.65,0.343611696486384,-32.2622544161897
7.652,0.343611696486384,-32.2828711179789
7.654,0.343611696486384,-32.3034878197681
7.656,0.343611696486384,-32.3241045215572
7.658,0.343611696486384,-32.3447212233464
7.66,0.343611696486384,-32.3653379251356
7.662,0.343611696486384,-32.3859546269248
7.664,0.343611696486384,-32.406571328714
7.666,0.343611696486384,-32.4271880305032
7.668,0.343611696486384,-32.4478047322923
7.67,0.343611696486384,-32.4684214340815
7.672,0.343611696486384,-32.4890381358707
7.674,0.343611696486384,-32.5096548376599
7.676,0.343611696486384,-32.5302715394491
7.678,0.343611696486384,-32.5508882412383
7.68,0.343611696486384,-32.5715049430274
7.682,0.343611696486384,-32.5921216448166
7.684,0.343611696486384,-32.6127383466058
7.686,0.343611696486384,-32.633355048395
7.688,0.343611696486384,-32.6539717501842
7.69,0.343611696486384,-32.6745884519734
7.692,0.343611696486384,-32.6952051537625
7.694,0.343611696486384,-32.7158218555517
7.696,0.343611696486384,-32.7364385573409
7.698,0.343611696486384,-32.7570552591301
7.7,0.343611696486384,-32.7776719609193
7.702,0.343611696486384,-32.7982886627085
7.704,0.343611696486384,-32.8189053644976
7.706,0.343611696486384,-32.8395220662868
7.708,0.343611696486384,-32.860138768076
7.71,0.343611696486384,-32.8807554698652
7.712,0.343611696486384,-32.9013721716544
7.714,0.343611696486384,-32.9219888734436
7.716,0.343611696486384,-32.9426055752327
7.718,0.343611696486384,-32.9632222770219
7.72,0.343611696486384,-32.9838389788111
7.722,0.343611696486384,-33.0044556806003
7.724,0.343611696486384,-33.0250723823895
7.726,0.343611696486384,-33.0456890841787
7.728,0.343611696486384,-33.0663057859678
7.73,0.343611696486384,-33.086922487757
7.732,0.343611696486384,-33.1075391895462
7.734,0.343611696486384,-33.1281558913354
7.736,0.343611696486384,-33.1487725931246
7.738,0.346679658062155,-33.1847291027926
7.74,0.346679658062155,-33.2055298822764
7.742,0.346679658062155,-33.2263306617601
7.744,0.346679658062155,-33.2471314412438
7.746,0.346679658062155,-33.2679322207275
7.748,0.346679658062155,-33.2887330002113
7.75,0.346679658062155,-33.309533779695
7.752,0.346679658062155,-33.3303345591787
7.754,0.346679658062155,-33.3511353386625
7.756,0.346679658062155,-33.3719361181462
7.758,0.346679658062155,-33.3927368976299
7.76,0.346679658062155,-33.4135376771136
7.762,0.346679658062155,-33.4343384565974
7.764,0.346679658062155,-33.4551392360811
7.766,0.346679658062155,-33.4759400155648
7.768,0.346679658062155,-33.4967407950486
7.77,0.346679658062155,-33.5175415745323
7.772,0.346679658062155,-33.538342354016
7.774,0.346679658062155,-33.5591431334997
7.776,0.346679658062155,-33.5799439129835
7.778,0.346679658062155,-33.6007446924672
7.78,0.346679658062155,-33.6215454719509
7.782,0.346679658062155,-33.6423462514347
7.784,0.346679658062155,-33.6631470309184
7.786,0.346679658062155,-33.6839478104021
7.788,0.346679658062155,-33.7047485898858
7.79,0.346679658062155,-33.7255493693696
7.792,0.346679658062155,-33.7463501488533
7.794,0.346679658062155,-33.767150928337
7.796,0.346679658062155,-33.7879517078208
7.798,0.346679658062155,-33.8087524873045
7.8,0.346679658062155,-33.8295532667882
7.802,0.346679658062155,-33.8503540462719
7.804,0.346679658062155,-33.8711548257557
7.806,0.346679658062155,-33.8919556052394
7.808,0.346679658062155,-33.9127563847231
7.81,0.346679658062155,-33.9335571642069
7.812,0.346679658062155,-33.9543579436906
7.814,0.346679658062155,-33.9751587231743
7.816,0.346679658062155,-33.995959502658
7.818,0.346679658062155,-34.0167602821418
7.82,0.346679658062155,-34.0375610616255
7.822,0.346679658062155,-34.0583618411092
7.824,0.346679658062155,-34.079162620593
7.826,0.346679658062155,-34.0999634000767
7.828,0.346679658062155,-34.1207641795604
7.83,0.346679658062155,-34.1415649590441
7.832,0.346679658062155,-34.1623657385279
7.834,0.346679658062155,-34.1831665180116
7.836,0.346679658062155,-34.2039672974953
7.838,0.346679658062155,-34.2247680769791
7.84,0.346679658062155,-34.2455688564628
7.842,0.346679658062155,-34.2663696359465
7.844,0.346679658062155,-34.2871704154302
7.846,0.346679658062155,-34.307971194914
7.848,0.346679658062155,-34.3287719743977
7.85,0.346679658062155,-34.3495727538814
7.852,0.346679658062155,-34.3703735333652
7.854,0.346679658062155,-34.3911743128489
7.856,0.346679658062155,-34.4119750923326
7.858,0.346679658062155,-34.4327758718163
7.86,0.346679658062155,-34.4535766513001
7.862,0.346679658062155,-34.4743774307838
7.864,0.346679658062155,-34.4951782102675
7.866,0.346679658062155,-34.5159789897513
7.868,0.346679658062155,-34.536779769235
7.87,0.346679658062155,-34.5575805487187
7.872,0.346679658062155,-34.5783813282024
7.874,0.346679658062155,-34.5991821076862
7.876,0.346679658062155,-34.6199828871699
7.878,0.346679658062155,-34.6407836666536
7.88,0.346679658062155,-34.6615844461374
7.882,0.346679658062155,-34.6823852256211
7.884,0.346679658062155,-34.7031860051048
7.886,0.346679658062155,-34.7239867845885
7.888,0.346679658062155,-34.7447875640723
7.89,0.346679658062155,-34.765588343556
7.892,0.346679658062155,-34.7863891230397
7.894,0.346679658062155,-34.8071899025235
7.896,0.346679658062155,-34.8279906820072
7.898,0.346679658062155,-34.8487914614909
7.9,0.346679658062155,-34.8695922409746
7.902,0.346679658062155,-34.8903930204584
7.904,0.346679658062155,-34.9111937999421
7.906,0.346679658062155,-34.9319945794258
7.908,0.346679658062155,-34.9527953589096
7.91,0.346679658062155,-34.9735961383933
7.912,0.346679658062155,-34.994396917877
7.914,0.346679658062155,-35.0151976973607
7.916,0.346679658062155,-35.0359984768445
7.918,0.346679658062155,-35.0567992563282
7.92,0.346679658062155,-35.0776000358119
7.922,0.346679658062155,-35.0984008152957
7.924,0.346679658062155,-35.1192015947794
7.926,0.346679658062155,-35.1400023742631
7.928,0.346679658062155,-35.1608031537468
7.93,0.346679658062155,-35.1816039332306
7.932,0.346679658062155,-35.2024047127143
7.934,0.346679658062155,-35.223205492198
7.936,0.346679658062155,-35.2440062716818
7.938,0.346679658062155,-35.2648070511655
7.94,0.346679658062155,-35.2856078306492
7.942,0.346679658062155,-35.3064086101329
7.944,0.346679658062155,-35.3272093896167
7.946,0.346679658062155,-35.3480101691004
7.948,0.346679658062155,-35.3688109485841
7.95,0.346679658062155,-35.3896117280679
7.952,0.346679658062155,-35.4104125075516
7.954,0.346679658062155,-35.4312132870353
7.956,0.346679658062155,-35.452014066519
7.958,0.346679658062155,-35.4728148460028
7.96,0.346679658062155,-35.4936156254865
7.962,0.346679658062155,-35.5144164049702
7.964,0.346679658062155,-35.535217184454
7.966,0.346679658062155,-35.5560179639377
7.968,0.346679658062155,-35.5768187434214
7.97,0.346679658062155,-35.5976195229051
7.972,0.346679658062155,-35.6184203023889
7.974,0.346679658062155,-35.6392210818726
7.976,0.346679658062155,-35.6600218613563
7.978,0.346679658062155,-35.6808226408401
7.98,0.346679658062155,-35.7016234203238
7.982,0.346679658062155,-35.7224241998075
7.984,0.346679658062155,-35.7432249792912
7.986,0.346679658062155,-35.764025758775
7.988,0.346679658062155,-35.7848265382587
7.99,0.346679658062155,-35.8056273177424
7.992,0.346679658062155,-35.8264280972262
7.994,0.346679658062155,-35.8472288767099
7.996,0.346679658062155,-35.8680296561936
7.998,0.346679658062155,-35.8888304356773
8,0.346679658062155,-35.9096312151611
8.002,0.346679658062155,-35.9304319946448
8.004,0.346679658062155,-35.9512327741285
8.006,0.346679658062155,-35.9720335536123
8.008,0.346679658062155,-35.992834333096
8.01,0.346679658062155,-36.0136351125797
8.012,0.346679658062155,-36.0344358920634
8.014,0.346679658062155,-36.0552366715472
8.016,0.346679658062155,-36.0760374510309
8.018,0.346679658062155,-36.0968382305146
8.02,0.346679658062155,-36.1176390099984
8.022,0.346679658062155,-36.1384397894821
8.024,0.346679658062155,-36.1592405689658
8.026,0.346679658062155,-36.1800413484495
8.028,0.346679658062155,-36.2008421279333
8.03,0.346679658062155,-36.221642907417
8.032,0.346679658062155,-36.2424436869007
8.034,0.346679658062155,-36.2632444663845
8.036,0.346679658062155,-36.2840452458682
8.038,0.346679658062155,-36.3048460253519
8.04,0.346679658062155,-36.3256468048356
8.042,0.346679658062155,-36.3464475843194
8.044,0.346679658062155,-36.3672483638031
8.046,0.346679658062155,-36.3880491432868
8.048,0.346679658062155,-36.4088499227706
8.05,0.346679658062155,-36.4296507022543
8.052,0.346679658062155,-36.450451481738
8.054,0.346679658062155,-36.4712522612217
8.056,0.346679658062155,-36.4920530407055
8.058,0.346679658062155,-36.5128538201892
8.06,0.346679658062155,-36.5336545996729
8.062,0.346679658062155,-36.5544553791567
8.064,0.346679658062155,-36.5752561586404
8.066,0.346679658062155,-36.5960569381241
8.068,0.346679658062155,-36.6168577176078
8.07,0.346679658062155,-36.6376584970916
8.072,0.346679658062155,-36.6584592765753
8.074,0.346679658062155,-36.679260056059
8.076,0.346679658062155,-36.7000608355428
8.078,0.346679658062155,-36.7208616150265
8.08,0.346679658062155,-36.7416623945102
8.082,0.346679658062155,-36.7624631739939
8.084,0.346679658062155,-36.7832639534777
8.086,0.346679658062155,-36.8040647329614
8.088,0.346679658062155,-36.8248655124451
8.09,0.346679658062155,-36.8456662919289
8.092,0.346679658062155,-36.8664670714126
8.094,0.346679658062155,-36.8872678508963
8.096,0.346679658062155,-36.90806863038
8.098,0.346679658062155,-36.9288694098638
8.1,0.346679658062155,-36.9496701893475
8.102,0.346679658062155,-36.9704709688312
8.104,0.346679658062155,-36.991271748315
8.106,0.346679658062155,-37.0120725277987
8.108,0.346679658062155,-37.0328733072824
8.11,0.346679658062155,-37.0536740867661
8.112,0.346679658062155,-37.0744748662499
8.114,0.346679658062155,-37.0952756457336
8.116,0.346679658062155,-37.1160764252173
8.118,0.346679658062155,-37.1368772047011
8.12,0.346679658062155,-37.1576779841848
8.122,0.346679658062155,-37.1784787636685
8.124,0.346679658062155,-37.1992795431522
8.126,0.346679658062155,-37.220080322636
8.128,0.346679658062155,-37.2408811021197
8.13,0.346679658062155,-37.2616818816034
8.132,0.346679658062155,-37.2824826610872
8.134,0.346679658062155,-37.3032834405709
8.136,0.346679658062155,-37.3240842200546
8.138,0.346679658062155,-37.3448849995383
8.14,0.346679658062155,-37.3656857790221
8.142,0.346679658062155,-37.3864865585058
8.144,0.346679658062155,-37.4072873379895
8.146,0.346679658062155,-37.4280881174733
8.148,0.346679658062155,-37.448888896957
8.15,0.346679658062155,-37.4696896764407
8.152,0.346679658062155,-37.4904904559244
8.154,0.346679658062155,-37.5112912354082
8.156,0.346679658062155,-37.5320920148919
8.158,0.346679658062155,-37.5528927943756
8.16,0.346679658062155,-37.5736935738594
8.162,0.346679658062155,-37.5944943533431
8.164,0.346679658062155,-37.6152951328268
8.166,0.346679658062155,-37.6360959123105
8.168,0.346679658062155,-37.6568966917943
8.17,0.346679658062155,-37.677697471278
8.172,0.346679658062155,-37.6984982507617
8.174,0.346679658062155,-37.7192990302455
8.176,0.346679658062155,-37.7400998097292
8.178,0.346679658062155,-37.7609005892129
8.18,0.346679658062155,-37.7817013686966
8.182,0.346679658062155,-37.8025021481804
8.184,0.346679658062155,-37.8233029276641
8.186,0.346679658062155,-37.8441037071478
8.188,0.346679658062155,-37.8649044866316
8.19,0.346679658062155,-37.8857052661153
8.192,0.346679658062155,-37.906506045599
8.194,0.346679658062155,-37.9273068250827
8.196,0.346679658062155,-37.9481076045665
8.198,0.346679658062155,-37.9689083840502
8.2,0.346679658062155,-37.9897091635339
8.202,0.346679658062155,-38.0105099430177
8.204,0.346679658062155,-38.0313107225014
8.206,0.346679658062155,-38.0521115019851
8.208,0.346679658062155,-38.0729122814688
8.21,0.346679658062155,-38.0937130609526
8.212,0.346679658062155,-38.1145138404363
8.214,0.346679658062155,-38.13531461992
8.216,0.346679658062155,-38.1561153994038
8.218,0.346679658062155,-38.1769161788875
8.22,0.346679658062155,-38.1977169583712
8.222,0.346679658062155,-38.2185177378549
8.224,0.346679658062155,-38.2393185173387
8.226,0.346679658062155,-38.2601192968224
8.228,0.346679658062155,-38.2809200763061
8.23,0.346679658062155,-38.3017208557899
8.232,0.346679658062155,-38.3225216352736
8.234,0.346679658062155,-38.3433224147573
8.236,0.346679658062155,-38.364123194241
8.238,0.346679658062155,-38.3849239737248
8.24,0.346679658062155,-38.4057247532085
8.242,0.346679658062155,-38.4265255326922
8.244,0.346679658062155,-38.447326312176
8.246,0.346679658062155,-38.4681270916597
8.248,0.346679658062155,-38.4889278711434
8.25,0.346679658062155,-38.5097286506271
8.252,0.346679658062155,-38.5305294301109
8.254,0.346679658062155,-38.5513302095946
8.256,0.346679658062155,-38.5721309890783
8.258,0.346679658062155,-38.5929317685621
8.26,0.346679658062155,-38.6137325480458
8.262,0.349747619637926,-38.6498731354084
8.264,0.349747619637926,-38.6708579925867
8.266,0.349747619637926,-38.6918428497649
8.268,0.349747619637926,-38.7128277069432
8.27,0.349747619637926,-38.7338125641215
8.272,0.349747619637926,-38.7547974212998
8.274,0.349747619637926,-38.775782278478
8.276,0.349747619637926,-38.7967671356563
8.278,0.349747619637926,-38.8177519928346
8.28,0.349747619637926,-38.8387368500129
8.282,0.349747619637926,-38.8597217071911
8.284,0.349747619637926,-38.8807065643694
8.286,0.349747619637926,-38.9016914215477
8.288,0.349747619637926,-38.922676278726
8.29,0.349747619637926,-38.9436611359043
8.292,0.349747619637926,-38.9646459930825
8.294,0.349747619637926,-38.9856308502608
8.296,0.349747619637926,-39.0066157074391
8.298,0.349747619637926,-39.0276005646174
8.3,0.349747619637926,-39.0485854217956
8.302,0.349747619637926,-39.0695702789739
8.304,0.349747619637926,-39.0905551361522
8.306,0.349747619637926,-39.1115399933305
8.308,0.349747619637926,-39.1325248505088
8.31,0.349747619637926,-39.153509707687
8.312,0.349747619637926,-39.1744945648653
8.314,0.349747619637926,-39.1954794220436
8.316,0.349747619637926,-39.2164642792219
8.318,0.349747619637926,-39.2374491364001
8.32,0.349747619637926,-39.2584339935784
8.322,0.349747619637926,-39.2794188507567
8.324,0.349747619637926,-39.300403707935
8.326,0.349747619637926,-39.3213885651132
8.328,0.349747619637926,-39.3423734222915
8.33,0.349747619637926,-39.3633582794698
8.332,0.349747619637926,-39.3843431366481
8.334,0.349747619637926,-39.4053279938264
8.336,0.349747619637926,-39.4263128510046
8.338,0.349747619637926,-39.4472977081829
8.34,0.349747619637926,-39.4682825653612
8.342,0.349747619637926,-39.4892674225395
8.344,0.349747619637926,-39.5102522797177
8.346,0.349747619637926,-39.531237136896
8.348,0.349747619637926,-39.5522219940743
8.35,0.349747619637926,-39.5732068512526
8.352,0.349747619637926,-39.5941917084308
8.354,0.349747619637926,-39.6151765656091
8.356,0.349747619637926,-39.6361614227874
8.358,0.349747619637926,-39.6571462799657
8.36,0.349747619637926,-39.678131137144
8.362,0.349747619637926,-39.6991159943222
8.364,0.349747619637926,-39.7201008515005
8.366,0.349747619637926,-39.7410857086788
8.368,0.349747619637926,-39.7620705658571
8.37,0.349747619637926,-39.7830554230353
8.372,0.349747619637926,-39.8040402802136
8.374,0.349747619637926,-39.8250251373919
8.376,0.349747619637926,-39.8460099945702
8.378,0.349747619637926,-39.8669948517485
8.38,0.349747619637926,-39.8879797089267
8.382,0.349747619637926,-39.908964566105
8.384,0.349747619637926,-39.9299494232833
8.386,0.349747619637926,-39.9509342804616
8.388,0.349747619637926,-39.9719191376398
8.39,0.349747619637926,-39.9929039948181
8.392,0.349747619637926,-40.0138888519964
8.394,0.349747619637926,-40.0348737091747
8.396,0.349747619637926,-40.0558585663529
8.398,0.349747619637926,-40.0768434235312
8.4,0.349747619637926,-40.0978282807095
8.402,0.349747619637926,-40.1188131378878
8.404,0.349747619637926,-40.1397979950661
8.406,0.349747619637926,-40.1607828522443
8.408,0.349747619637926,-40.1817677094226
8.41,0.349747619637926,-40.2027525666009
8.412,0.349747619637926,-40.2237374237792
8.414,0.349747619637926,-40.2447222809574
8.416,0.349747619637926,-40.2657071381357
8.418,0.349747619637926,-40.286691995314
8.42,0.349747619637926,-40.3076768524923
8.422,0.349747619637926,-40.3286617096705
8.424,0.349747619637926,-40.3496465668488
8.426,0.349747619637926,-40.3706314240271
8.428,0.349747619637926,-40.3916162812054
8.43,0.349747619637926,-40.4126011383837
8.432,0.349747619637926,-40.4335859955619
8.434,0.349747619637926,-40.4545708527402
8.436,0.349747619637926,-40.4755557099185
8.438,0.349747619637926,-40.4965405670968
8.44,0.349747619637926,-40.517525424275
8.442,0.349747619637926,-40.5385102814533
8.444,0.349747619637926,-40.5594951386316
8.446,0.349747619637926,-40.5804799958099
8.448,0.349747619637926,-40.6014648529882
8.45,0.349747619637926,-40.6224497101664
8.452,0.349747619637926,-40.6434345673447
8.454,0.349747619637926,-40.664419424523
8.456,0.349747619637926,-40.6854042817013
8.458,0.349747619637926,-40.7063891388795
8.46,0.349747619637926,-40.7273739960578
8.462,0.349747619637926,-40.7483588532361
8.464,0.349747619637926,-40.7693437104144
8.466,0.349747619637926,-40.7903285675926
8.468,0.349747619637926,-40.8113134247709
8.47,0.349747619637926,-40.8322982819492
8.472,0.349747619637926,-40.8532831391275
8.474,0.349747619637926,-40.8742679963058
8.476,0.349747619637926,-40.895252853484
8.478,0.349747619637926,-40.9162377106623
8.48,0.349747619637926,-40.9372225678406
8.482,0.349747619637926,-40.9582074250189
8.484,0.349747619637926,-40.9791922821971
8.486,0.349747619637926,-41.0001771393754
8.488,0.349747619637926,-41.0211619965537
8.49,0.349747619637926,-41.042146853732
8.492,0.349747619637926,-41.0631317109102
8.494,0.349747619637926,-41.0841165680885
8.496,0.349747619637926,-41.1051014252668
8.498,0.349747619637926,-41.1260862824451
8.5,0.349747619637926,-41.1470711396234
8.502,0.349747619637926,-41.1680559968016
8.504,0.349747619637926,-41.1890408539799
8.506,0.349747619637926,-41.2100257111582
8.508,0.349747619637926,-41.2310105683365
8.51,0.349747619637926,-41.2519954255147
8.512,0.349747619637926,-41.272980282693
8.514,0.349747619637926,-41.2939651398713
8.516,0.349747619637926,-41.3149499970496
8.518,0.349747619637926,-41.3359348542279
8.52,0.349747619637926,-41.3569197114061
8.522,0.349747619637926,-41.3779045685844
8.524,0.349747619637926,-41.3988894257627
8.526,0.349747619637926,-41.419874282941
8.528,0.349747619637926,-41.4408591401192
8.53,0.349747619637926,-41.4618439972975
8.532,0.349747619637926,-41.4828288544758
8.534,0.349747619637926,-41.5038137116541
8.536,0.349747619637926,-41.5247985688323
8.538,0.349747619637926,-41.5457834260106
8.54,0.349747619637926,-41.5667682831889
8.542,0.349747619637926,-41.5877531403672
8.544,0.349747619637926,-41.6087379975455
8.546,0.349747619637926,-41.6297228547237
8.548,0.349747619637926,-41.650707711902
8.55,0.349747619637926,-41.6716925690803
8.552,0.346679658062155,-41.6773376183797
8.554,0.346679658062155,-41.6981383978634
8.556,0.346679658062155,-41.7189391773472
8.558,0.346679658062155,-41.7397399568309
8.56,0.346679658062155,-41.7605407363146
8.562,0.346679658062155,-41.7813415157983
8.564,0.346679658062155,-41.8021422952821
8.566,0.346679658062155,-41.8229430747658
8.568,0.346679658062155,-41.8437438542495
8.57,0.346679658062155,-41.8645446337333
8.572,0.346679658062155,-41.885345413217
8.574,0.346679658062155,-41.9061461927007
8.576,0.346679658062155,-41.9269469721844
8.578,0.346679658062155,-41.9477477516682
8.58,0.346679658062155,-41.9685485311519
8.582,0.346679658062155,-41.9893493106356
8.584,0.346679658062155,-42.0101500901194
8.586,0.346679658062155,-42.0309508696031
8.588,0.346679658062155,-42.0517516490868
8.59,0.346679658062155,-42.0725524285705
8.592,0.346679658062155,-42.0933532080543
8.594,0.346679658062155,-42.114153987538
8.596,0.346679658062155,-42.1349547670217
8.598,0.346679658062155,-42.1557555465055
8.6,0.346679658062155,-42.1765563259892
8.602,0.346679658062155,-42.1973571054729
8.604,0.346679658062155,-42.2181578849566
8.606,0.346679658062155,-42.2389586644404
8.608,0.346679658062155,-42.2597594439241
8.61,0.346679658062155,-42.2805602234078
8.612,0.346679658062155,-42.3013610028916
8.614,0.346679658062155,-42.3221617823753
8.616,0.346679658062155,-42.342962561859
8.618,0.346679658062155,-42.3637633413427
8.62,0.346679658062155,-42.3845641208265
8.622,0.346679658062155,-42.4053649003102
8.624,0.346679658062155,-42.4261656797939
8.626,0.346679658062155,-42.4469664592777
8.628,0.346679658062155,-42.4677672387614
8.63,0.346679658062155,-42.4885680182451
8.632,0.346679658062155,-42.5093687977288
8.634,0.346679658062155,-42.5301695772126
8.636,0.346679658062155,-42.5509703566963
8.638,0.346679658062155,-42.57177113618
8.64,0.346679658062155,-42.5925719156638
8.642,0.346679658062155,-42.6133726951475
8.644,0.346679658062155,-42.6341734746312
8.646,0.346679658062155,-42.6549742541149
8.648,0.346679658062155,-42.6757750335987
8.65,0.346679658062155,-42.6965758130824
8.652,0.346679658062155,-42.7173765925661
8.654,0.346679658062155,-42.7381773720499
8.656,0.346679658062155,-42.7589781515336
8.658,0.346679658062155,-42.7797789310173
8.66,0.346679658062155,-42.800579710501
8.662,0.346679658062155,-42.8213804899848
8.664,0.343611696486384,-42.8268414615897
8.666,0.343611696486384,-42.8474581633788
8.668,0.343611696486384,-42.868074865168
8.67,0.343611696486384,-42.8886915669572
8.672,0.343611696486384,-42.9093082687464
8.674,0.343611696486384,-42.9299249705356
8.676,0.343611696486384,-42.9505416723247
8.678,0.343611696486384,-42.9711583741139
8.68,0.343611696486384,-42.9917750759031
8.682,0.343611696486384,-43.0123917776923
8.684,0.343611696486384,-43.0330084794815
8.686,0.343611696486384,-43.0536251812706
8.688,0.343611696486384,-43.0742418830598
8.69,0.343611696486384,-43.094858584849
8.692,0.343611696486384,-43.1154752866382
8.694,0.343611696486384,-43.1360919884274
8.696,0.343611696486384,-43.1567086902165
8.698,0.343611696486384,-43.1773253920057
8.7,0.343611696486384,-43.1979420937949
8.702,0.343611696486384,-43.2185587955841
8.704,0.343611696486384,-43.2391754973733
8.706,0.343611696486384,-43.2597921991624
8.708,0.343611696486384,-43.2804089009516
8.71,0.343611696486384,-43.3010256027408
8.712,0.343611696486384,-43.32164230453
8.714,0.343611696486384,-43.3422590063192
8.716,0.343611696486384,-43.3628757081083
8.718,0.343611696486384,-43.3834924098975
8.72,0.343611696486384,-43.4041091116867
8.722,0.343611696486384,-43.4247258134759
8.724,0.343611696486384,-43.4453425152651
8.726,0.343611696486384,-43.4659592170542
8.728,0.343611696486384,-43.4865759188434
8.73,0.343611696486384,-43.5071926206326
8.732,0.343611696486384,-43.5278093224218
8.734,0.343611696486384,-43.548426024211
8.736,0.343611696486384,-43.5690427260001
8.738,0.343611696486384,-43.5896594277893
8.74,0.343611696486384,-43.6102761295785
8.742,0.343611696486384,-43.6308928313677
8.744,0.343611696486384,-43.6515095331569
8.746,0.343611696486384,-43.672126234946
8.748,0.346679658062155,-43.7080827446141
8.75,0.346679658062155,-43.7288835240978
8.752,0.346679658062155,-43.7496843035815
8.754,0.346679658062155,-43.7704850830653
8.756,0.346679658062155,-43.791285862549
8.758,0.346679658062155,-43.8120866420327
8.76,0.346679658062155,-43.8328874215164
8.762,0.346679658062155,-43.8536882010002
8.764,0.346679658062155,-43.8744889804839
8.766,0.346679658062155,-43.8952897599676
8.768,0.346679658062155,-43.9160905394514
8.77,0.346679658062155,-43.9368913189351
8.772,0.346679658062155,-43.9576920984188
8.774,0.346679658062155,-43.9784928779025
8.776,0.346679658062155,-43.9992936573863
8.778,0.346679658062155,-44.02009443687
8.78,0.346679658062155,-44.0408952163537
8.782,0.346679658062155,-44.0616959958375
8.784,0.346679658062155,-44.0824967753212
8.786,0.346679658062155,-44.1032975548049
8.788,0.346679658062155,-44.1240983342886
8.79,0.346679658062155,-44.1448991137724
8.792,0.346679658062155,-44.1656998932561
8.794,0.346679658062155,-44.1865006727398
8.796,0.346679658062155,-44.2073014522236
8.798,0.346679658062155,-44.2281022317073
8.8,0.346679658062155,-44.248903011191
8.802,0.346679658062155,-44.2697037906747
8.804,0.346679658062155,-44.2905045701585
8.806,0.346679658062155,-44.3113053496422
8.808,0.346679658062155,-44.3321061291259
8.81,0.346679658062155,-44.3529069086097
8.812,0.346679658062155,-44.3737076880934
8.814,0.346679658062155,-44.3945084675771
8.816,0.346679658062155,-44.4153092470608
8.818,0.346679658062155,-44.4361100265446
8.82,0.346679658062155,-44.4569108060283
8.822,0.346679658062155,-44.477711585512
8.824,0.346679658062155,-44.4985123649958
8.826,0.346679658062155,-44.5193131444795
8.828,0.346679658062155,-44.5401139239632
8.83,0.346679658062155,-44.5609147034469
8.832,0.346679658062155,-44.5817154829307
8.834,0.346679658062155,-44.6025162624144
8.836,0.346679658062155,-44.6233170418981
8.838,0.346679658062155,-44.6441178213819
8.84,0.346679658062155,-44.6649186008656
8.842,0.346679658062155,-44.6857193803493
8.844,0.346679658062155,-44.706520159833
8.846,0.346679658062155,-44.7273209393168
8.848,0.346679658062155,-44.7481217188005
8.85,0.346679658062155,-44.7689224982842
8.852,0.346679658062155,-44.789723277768
8.854,0.346679658062155,-44.8105240572517
8.856,0.346679658062155,-44.8313248367354
8.858,0.346679658062155,-44.8521256162191
8.86,0.346679658062155,-44.8729263957029
8.862,0.346679658062155,-44.8937271751866
8.864,0.346679658062155,-44.9145279546703
8.866,0.346679658062155,-44.9353287341541
8.868,0.346679658062155,-44.9561295136378
8.87,0.346679658062155,-44.9769302931215
8.872,0.346679658062155,-44.9977310726052
8.874,0.346679658062155,-45.018531852089
8.876,0.346679658062155,-45.0393326315727
8.878,0.346679658062155,-45.0601334110564
8.88,0.346679658062155,-45.0809341905402
8.882,0.346679658062155,-45.1017349700239
8.884,0.346679658062155,-45.1225357495076
8.886,0.346679658062155,-45.1433365289913
8.888,0.346679658062155,-45.1641373084751
8.89,0.346679658062155,-45.1849380879588
8.892,0.346679658062155,-45.2057388674425
8.894,0.346679658062155,-45.2265396469263
8.896,0.346679658062155,-45.24734042641
8.898,0.346679658062155,-45.2681412058937
8.9,0.346679658062155,-45.2889419853774
8.902,0.346679658062155,-45.3097427648612
8.904,0.346679658062155,-45.3305435443449
8.906,0.346679658062155,-45.3513443238286
8.908,0.346679658062155,-45.3721451033124
8.91,0.346679658062155,-45.3929458827961
8.912,0.346679658062155,-45.4137466622798
8.914,0.346679658062155,-45.4345474417635
8.916,0.346679658062155,-45.4553482212473
8.918,0.346679658062155,-45.476149000731
8.92,0.346679658062155,-45.4969497802147
8.922,0.346679658062155,-45.5177505596985
8.924,0.346679658062155,-45.5385513391822
8.926,0.346679658062155,-45.5593521186659
8.928,0.346679658062155,-45.5801528981496
8.93,0.346679658062155,-45.6009536776334
8.932,0.346679658062155,-45.6217544571171
8.934,0.346679658062155,-45.6425552366008
8.936,0.346679658062155,-45.6633560160846
8.938,0.346679658062155,-45.6841567955683
8.94,0.346679658062155,-45.704957575052
8.942,0.346679658062155,-45.7257583545357
8.944,0.346679658062155,-45.7465591340195
8.946,0.346679658062155,-45.7673599135032
8.948,0.346679658062155,-45.7881606929869
8.95,0.346679658062155,-45.8089614724707
8.952,0.346679658062155,-45.8297622519544
8.954,0.349747619637926,-45.865902839317
8.956,0.349747619637926,-45.8868876964953
8.958,0.349747619637926,-45.9078725536735
8.96,0.349747619637926,-45.9288574108518
8.962,0.349747619637926,-45.9498422680301
8.964,0.349747619637926,-45.9708271252084
8.966,0.349747619637926,-45.9918119823866
8.968,0.349747619637926,-46.0127968395649
8.97,0.349747619637926,-46.0337816967432
8.972,0.349747619637926,-46.0547665539215
8.974,0.349747619637926,-46.0757514110997
8.976,0.349747619637926,-46.096736268278
8.978,0.349747619637926,-46.1177211254563
8.98,0.349747619637926,-46.1387059826346
8.982,0.349747619637926,-46.1596908398129
8.984,0.349747619637926,-46.1806756969911
8.986,0.349747619637926,-46.2016605541694
8.988,0.349747619637926,-46.2226454113477
8.99,0.349747619637926,-46.243630268526
8.992,0.349747619637926,-46.2646151257042
8.994,0.349747619637926,-46.2855999828825
8.996,0.349747619637926,-46.3065848400608
8.998,0.349747619637926,-46.3275696972391
9,0.349747619637926,-46.3485545544173
