Var1,Var2,Var3
0,0,-1.5
0.002,0,-1.518
0.004,0,-1.536
0.006,-0.00306796157577128,-1.53866019212114
0.008,-0.00613592315154256,-1.54113630654774
0.01,-0.0122718463030851,-1.52808853540094
0.012,-0.0184077694546277,-1.51467260886504
0.014,-0.0245436926061703,-1.50088852694005
0.016,-0.0306796157577128,-1.48673628962596
0.018,-0.0398835004850267,-1.45687608904393
0.02,-0.0490873852123405,-1.42646365537826
0.022,-0.0613592315154256,-1.3801591807501
0.024,-0.0736310778185108,-1.33311839534374
0.026,-0.0859029241215959,-1.28534129915921
0.028,-0.098174770424681,-1.23682789219649
0.03,-0.113514578303537,-1.17223836657672
0.032,-0.125786424606623,-1.12206826036309
0.034,-0.14419419406125,-1.04048222761355
0.036,-0.159534001940107,-0.973131536575592
0.038,-0.174873809818963,-0.904860457064904
0.04,-0.193281579273591,-0.820329181202628
0.042,-0.208621387152447,-0.75003324705193
0.044,-0.227029156607075,-0.663477116549645
0.046,-0.245436926061703,-0.575816519880082
0.048,-0.26384469551633,-0.487051457043241
0.05,-0.279184503395187,-0.412521735917979
0.052,-0.297592272849814,-0.32173181844113
0.054,-0.316000042304442,-0.229837434797003
0.056,-0.33440781175907,-0.136838584985598
0.058,-0.352815581213697,-0.0427352690069148
0.06,-0.371223350668325,0.0524725131390455
0.062,-0.386563158547182,0.133444953573427
0.064,-0.404970928001809,0.230677590359396
0.066,-0.420310735880666,0.313674885433787
0.068,-0.435650543759522,0.397592568980909
0.07,-0.450990351638379,0.482430641000762
0.072,-0.466330159517235,0.568189101493347
0.074,-0.481669967396091,0.654867950458663
0.076,-0.497009775274948,0.742467187896711
0.078,-0.509281621578033,0.815647005928633
0.08,-0.521553467881118,0.889563134738741
0.082,-0.530757352608432,0.948875766448177
0.084,-0.543029198911517,1.02408043912011
0.086,-0.552233083638831,1.08468161469137
0.088,-0.561436968366145,1.14583502334627
0.09,-0.567572891517687,1.19220085720595
0.092,-0.57370881466923,1.23893484645472
0.094,-0.579844737820772,1.28603699109259
0.096,-0.582912699396544,1.31816748324069
0.098,-0.585980660972315,1.35048205308334
0.1,-0.589048622548086,1.38298070062054
0.102,-0.589048622548086,1.40032361797342
0.104,-0.589048622548086,1.41766653532631
0.106,-0.589048622548086,1.43500945267919
0.108,-0.585980660972315,1.43701256215322
0.11,-0.582912699396544,1.4388315939327
0.112,-0.576776776245001,1.42512674013878
0.114,-0.570640853093458,1.41105373095577
0.116,-0.564504929941916,1.39661256638367
0.118,-0.558369006790373,1.38180324642247
0.12,-0.54916512206306,1.35128596319332
0.122,-0.539961237335746,1.32021644688054
0.124,-0.527689391032661,1.27325488960525
0.126,-0.518485506305347,1.24089682943065
0.128,-0.506213660002262,1.19264672829354
0.13,-0.490873852123405,1.12832050849939
0.132,-0.47860200582032,1.07841370811137
0.134,-0.466330159517235,1.02777059694517
0.136,-0.450990351638379,0.961051367121918
0.138,-0.435650543759522,0.893411748825939
0.14,-0.420310735880666,0.824851742057228
0.142,-0.401902966426038,0.74003153893693
0.144,-0.386563158547182,0.66944667752821
0.146,-0.371223350668325,0.597941427646759
0.148,-0.355883542789469,0.525515789292576
0.15,-0.337475773334841,0.436829954586806
0.152,-0.322135965455985,0.362379461592614
0.154,-0.303728196001357,0.271668772246835
0.156,-0.288388388122501,0.195193424612634
0.158,-0.269980618667873,0.102457880626845
0.16,-0.254640810789016,0.023957678352636
0.162,-0.23930100291016,-0.0554629123943052
0.164,-0.220893233455532,-0.151143699492834
0.166,-0.205553425576676,-0.232589144879784
0.168,-0.193281579273591,-0.299615170860609
0.17,-0.177941771394734,-0.382717315498476
0.172,-0.162601963515878,-0.466739848609074
0.174,-0.150330117212793,-0.536342962313547
0.176,-0.134990309333936,-0.622022194675061
0.178,-0.122718463030851,-0.693282007630451
0.18,-0.110446616727766,-0.765278131364025
0.182,-0.101242732000452,-0.822670757996929
0.184,-0.0920388472731385,-0.880615617713471
0.186,-0.0828349625458246,-0.939112710513652
0.188,-0.0736310778185108,-0.998162036397471
0.19,-0.0644271930911969,-1.05776359536493
0.192,-0.0582912699396544,-1.10257757953717
0.194,-0.0521553467881118,-1.1477597190985
0.196,-0.0490873852123405,-1.17797020617007
0.198,-0.0460194236365692,-1.20836477093619
0.2,-0.042951462060798,-1.23894341339685
0.202,-0.0398835004850267,-1.26970613355206
0.204,-0.0398835004850267,-1.28531312352296
0.206,-0.0398835004850267,-1.30092011349386
0.208,-0.042951462060798,-1.3011872955859
0.21,-0.0460194236365692,-1.3012703999834
0.212,-0.0490873852123405,-1.30116942668634
0.214,-0.0521553467881118,-1.30088437569475
0.216,-0.0582912699396544,-1.28507543912975
0.218,-0.0644271930911969,-1.26889834717566
0.22,-0.0705631162427395,-1.25235309983247
0.222,-0.0797670009700533,-1.22009988922134
0.224,-0.0889708856973672,-1.18729444552657
0.226,-0.098174770424681,-1.15393676874815
0.228,-0.107378655151995,-1.1200268588861
0.23,-0.11965050145508,-1.07022490806156
0.232,-0.131922347758165,-1.01968664645883
0.234,-0.14419419406125,-0.968412074077913
0.236,-0.156466040364335,-0.916401190918813
0.238,-0.168737886667421,-0.863653996981527
0.24,-0.184077694546277,-0.7948306843872
0.242,-0.196349540849362,-0.740426791198997
0.244,-0.211689348728218,-0.669946779353753
0.246,-0.227029156607075,-0.598546379035778
0.248,-0.242368964485931,-0.526225590245072
0.25,-0.257708772364788,-0.452984412981634
0.252,-0.269980618667873,-0.394162655124321
0.254,-0.288388388122501,-0.30392497073111
0.256,-0.303728196001357,-0.227922628049478
0.258,-0.316000042304442,-0.166339704773971
0.26,-0.331339850183298,-0.0886806628414223
0.262,-0.346679658062155,-0.0101012324361423
0.264,-0.362019465941011,0.069398586441869
0.266,-0.377359273819868,0.149818793792612
0.268,-0.389631120122953,0.21581958173723
0.27,-0.404970928001809,0.297896488338889
0.272,-0.417242774304894,0.365553975534423
0.274,-0.42951462060798,0.433947773508142
0.276,-0.441786466911065,0.503077882260047
0.278,-0.45405831321415,0.572944301790136
0.28,-0.466330159517235,0.643547032098411
0.282,-0.47860200582032,0.714886073184871
0.284,-0.487805890547634,0.771621617170659
0.286,-0.497009775274948,0.828909394240086
0.288,-0.506213660002262,0.886749404393152
0.29,-0.512349583153804,0.929801839751001
0.292,-0.518485506305347,0.973222430497942
0.294,-0.524621429456889,1.01701117663398
0.296,-0.530757352608432,1.0611680781591
0.298,-0.533825314184203,1.09035332719446
0.3,-0.536893275759974,1.11972265392437
0.302,-0.539961237335746,1.14927605834883
0.304,-0.539961237335746,1.16367373258897
0.306,-0.543029198911517,1.19341121470797
0.308,-0.543029198911517,1.20799296664266
0.31,-0.539961237335746,1.2072349106985
0.312,-0.536893275759974,1.20629277705979
0.314,-0.533825314184203,1.20516656572653
0.316,-0.530757352608432,1.20385627669873
0.318,-0.524621429456889,1.18702210209752
0.32,-0.518485506305347,1.16981977210722
0.322,-0.512349583153804,1.15224928672783
0.324,-0.506213660002262,1.13431064595934
0.326,-0.497009775274948,1.10066404192291
0.328,-0.487805890547634,1.06646520480284
0.33,-0.47860200582032,1.03171413459913
0.332,-0.469398121093006,0.996410831311775
0.334,-0.457126274789921,0.94521548706193
0.336,-0.447922390062607,0.908623639912756
0.338,-0.435650543759522,0.856139751801087
0.34,-0.423378697456437,0.802919552911233
0.342,-0.411106851153352,0.748963043243193
0.344,-0.395767043274495,0.678930414918112
0.346,-0.38349519697141,0.623317205999156
0.348,-0.371223350668325,0.566967686302015
0.35,-0.355883542789469,0.494542047947833
0.352,-0.343611696486384,0.436535828999775
0.354,-0.328271888607527,0.362453491394676
0.356,-0.316000042304442,0.302790573195702
0.358,-0.300660234425586,0.227051536339686
0.36,-0.285320426546729,0.150392111010939
0.362,-0.273048580243644,0.0881521050883176
0.364,-0.257708772364788,0.00983598050865422
0.366,-0.245436926061703,-0.0540607246648842
0.368,-0.233165079758617,-0.118693740616608
0.37,-0.220893233455532,-0.184063067346516
0.372,-0.208621387152447,-0.25016870485461
0.374,-0.196349540849362,-0.317010653140889
0.376,-0.184077694546277,-0.384588912205353
0.378,-0.171805848243192,-0.452903482048002
0.38,-0.159534001940107,-0.521954362668836
0.382,-0.150330117212793,-0.576401746188999
0.384,-0.141126232485479,-0.6314013627928
0.386,-0.131922347758165,-0.686953212480241
0.388,-0.122718463030851,-0.74305729525132
0.39,-0.116582539879309,-0.784373803227182
0.392,-0.107378655151995,-0.841398274470993
0.394,-0.101242732000452,-0.883635170919586
0.396,-0.098174770424681,-0.910900414878415
0.398,-0.0920388472731385,-0.953689544410647
0.4,-0.0889708856973672,-0.981507021453115
0.402,-0.0859029241215959,-1.00950857619013
0.404,-0.0828349625458246,-1.03769420862169
0.406,-0.0828349625458246,-1.05072411086894
0.408,-0.0828349625458246,-1.06375401311619
0.41,-0.0828349625458246,-1.07678391536344
0.412,-0.0828349625458246,-1.08981381761069
0.414,-0.0859029241215959,-1.08750391197909
0.416,-0.0889708856973672,-1.08500992865293
0.418,-0.0920388472731385,-1.08233186763224
0.42,-0.0951068088489097,-1.07946972891699
0.422,-0.101242732000452,-1.06108370462834
0.424,-0.107378655151995,-1.0423295249506
0.426,-0.113514578303537,-1.02320718988377
0.428,-0.11965050145508,-1.00371669942785
0.43,-0.128854386182394,-0.968518245703972
0.432,-0.138058270909708,-0.932767558896459
0.434,-0.147262155637022,-0.896464639005307
0.436,-0.156466040364335,-0.859609486030517
0.438,-0.165669925091649,-0.822202099972088
0.44,-0.177941771394734,-0.768902672951163
0.442,-0.187145656122048,-0.73020674303091
0.444,-0.199417502425133,-0.675618772148161
0.446,-0.211689348728218,-0.620294490487228
0.448,-0.223961195031304,-0.564233898048109
0.45,-0.236233041334389,-0.507436994830805
0.452,-0.248504887637474,-0.449903780835316
0.454,-0.260776733940559,-0.391634256061642
0.456,-0.273048580243644,-0.332628420509783
0.458,-0.285320426546729,-0.272886274179738
0.46,-0.297592272849814,-0.212407817071509
0.462,-0.3098641191529,-0.151193049185094
0.464,-0.322135965455985,-0.0892419705204947
0.466,-0.33440781175907,-0.0265545810777102
0.468,-0.346679658062155,0.0368691191432597
0.47,-0.35895150436524,0.101029130142415
0.472,-0.371223350668325,0.165925451919755
0.474,-0.38349519697141,0.23155808447528
0.476,-0.392699081698724,0.282587219930134
0.478,-0.404970928001809,0.349508396347483
0.48,-0.414174812729123,0.401826075664161
0.482,-0.423378697456437,0.454695988064477
0.484,-0.432582582183751,0.508118133548432
0.486,-0.441786466911065,0.562092512116027
0.488,-0.450990351638379,0.61661912376726
0.49,-0.460194236365692,0.671697968502132
0.492,-0.466330159517235,0.711989238441786
0.494,-0.472466082668777,0.752648663770533
0.496,-0.47860200582032,0.793676244488373
0.498,-0.484737928971863,0.835071980595305
0.5,-0.487805890547634,0.861496064212473
0.502,-0.490873852123405,0.888104225524187
0.504,-0.493941813699176,0.914896464530448
0.506,-0.497009775274948,0.941872781231255
0.508,-0.497009775274948,0.953693367747752
0.51,-0.500077736850719,0.980853762143105
0.512,-0.500077736850719,0.992858426354148
0.514,-0.500077736850719,1.00486309056519
0.516,-0.497009775274948,1.00152794689738
0.518,-0.497009775274948,1.01334853341387
0.52,-0.493941813699176,1.00982931205152
0.522,-0.487805890547634,0.990786205115753
0.524,-0.484737928971863,0.986714750669755
0.526,-0.47860200582032,0.967119410650354
0.528,-0.475534044244549,0.962495723120717
0.53,-0.469398121093006,0.942348150017677
0.532,-0.463262197941464,0.921832421525544
0.534,-0.45405831321415,0.885608729765463
0.536,-0.447922390062607,0.864172612800599
0.538,-0.438718505335293,0.827028532567786
0.54,-0.42951462060798,0.789332219251335
0.542,-0.420310735880666,0.751083672851244
0.544,-0.411106851153352,0.712282893367515
0.546,-0.401902966426038,0.672929880800147
0.548,-0.389631120122953,0.617684827270283
0.55,-0.380427235395639,0.577043270841091
0.552,-0.368155389092554,0.520509673449404
0.554,-0.355883542789469,0.463239765279532
0.556,-0.346679658062155,0.42057335421033
0.558,-0.33440781175907,0.362014902178634
0.56,-0.322135965455985,0.302720139368753
0.562,-0.3098641191529,0.242689065780686
0.564,-0.300660234425586,0.197261489293291
0.566,-0.288388388122501,0.1359418718434
0.568,-0.276116541819415,0.0738859436153247
0.57,-0.26384469551633,0.0110937046090639
0.572,-0.254640810789016,-0.0370950372965253
0.574,-0.242368964485931,-0.10117582016461
0.576,-0.233165079758617,-0.150653105932023
0.578,-0.220893233455532,-0.216022432661932
0.58,-0.211689348728218,-0.266788262291169
0.582,-0.202485464000905,-0.318106325004045
0.584,-0.193281579273591,-0.36997662080056
0.586,-0.184077694546277,-0.422399149680714
0.588,-0.174873809818963,-0.475373911644507
0.59,-0.165669925091649,-0.528900906691938
0.592,-0.156466040364335,-0.582980134823009
0.594,-0.150330117212793,-0.622271788158861
0.596,-0.14419419406125,-0.661931596883807
0.598,-0.138058270909708,-0.701959560997844
0.6,-0.131922347758165,-0.742355680500975
0.602,-0.128854386182394,-0.767780147514341
0.604,-0.122718463030851,-0.80872850010111
0.606,-0.11965050145508,-0.834705200198116
0.608,-0.116582539879309,-0.860865977989667
0.61,-0.116582539879309,-0.871871025596909
0.612,-0.113514578303537,-0.898215881083007
0.614,-0.113514578303537,-0.909405006384794
0.616,-0.113514578303537,-0.920594131686582
0.618,-0.113514578303537,-0.93178325698837
0.62,-0.116582539879309,-0.927632574411301
0.622,-0.116582539879309,-0.938637622018543
0.624,-0.11965050145508,-0.934302861746928
0.626,-0.122718463030851,-0.929784023780767
0.628,-0.128854386182394,-0.909741300241203
0.63,-0.131922347758165,-0.904670229191403
0.632,-0.138058270909708,-0.8840752725682
0.634,-0.14419419406125,-0.863112160555905
0.636,-0.150330117212793,-0.841780893154517
0.638,-0.156466040364335,-0.820081470364036
0.64,-0.165669925091649,-0.782674084305607
0.642,-0.171805848243192,-0.760054273042395
0.644,-0.181009732970506,-0.721726498511235
0.646,-0.190213617697819,-0.682846490896435
0.648,-0.199417502425133,-0.643414250197997
0.65,-0.208621387152447,-0.603429776415919
0.652,-0.217825271879761,-0.562893069550203
0.654,-0.230097118182846,-0.506464321721992
0.656,-0.23930100291016,-0.464639070994452
0.658,-0.251572849213245,-0.406921779304417
0.66,-0.260776733940559,-0.363807984715053
0.662,-0.269980618667873,-0.32014195704205
0.664,-0.282252464970958,-0.260583888406552
0.666,-0.294524311274043,-0.200289508992869
0.668,-0.303728196001357,-0.154598626679857
0.67,-0.316000042304442,-0.09301570340435
0.672,-0.325203927031756,-0.0460362772295141
0.674,-0.337475773334841,0.016835189907817
0.676,-0.346679658062155,0.0651031599444765
0.678,-0.355883542789469,0.113923363064775
0.68,-0.368155389092554,0.178635607147569
0.682,-0.377359273819868,0.228744354129691
0.684,-0.386563158547182,0.279405334195453
0.686,-0.395767043274495,0.330618547344853
0.688,-0.404970928001809,0.382383993577892
0.69,-0.414174812729123,0.434701672894569
0.692,-0.420310735880666,0.47223177741603
0.694,-0.42951462060798,0.525469845205439
0.696,-0.435650543759522,0.563920338199631
0.698,-0.441786466911065,0.602738986582915
0.7,-0.447922390062607,0.641925790355291
0.702,-0.45405831321415,0.681480749516761
0.704,-0.460194236365692,0.721403864067322
0.706,-0.463262197941464,0.74635532612812
0.708,-0.466330159517235,0.771490865883464
0.71,-0.469398121093006,0.796810483333355
0.712,-0.472466082668777,0.822314178477792
0.714,-0.475534044244549,0.848001951316775
0.716,-0.475534044244549,0.858533993971448
0.718,-0.475534044244549,0.869066036626121
0.72,-0.475534044244549,0.879598079280794
0.722,-0.475534044244549,0.890130121935467
0.724,-0.472466082668777,0.885322356711283
0.726,-0.472466082668777,0.89567032167141
0.728,-0.469398121093006,0.89067847875268
0.73,-0.466330159517235,0.885502558139404
0.732,-0.460194236365692,0.864802751952725
0.734,-0.457126274789921,0.85907459825581
0.736,-0.450990351638379,0.837822558985493
0.738,-0.444854428486836,0.816202364326083
0.74,-0.438718505335293,0.79421401427758
0.742,-0.432582582183751,0.771857508839985
0.744,-0.426446659032208,0.749132848013297
0.746,-0.417242774304894,0.710700223918661
0.748,-0.411106851153352,0.687055174619241
0.75,-0.401902966426038,0.647702162051873
0.752,-0.392699081698724,0.607796916400866
0.754,-0.38349519697141,0.56733943766622
0.756,-0.374291312244096,0.526329725847936
0.758,-0.365087427516783,0.484767780946012
0.76,-0.355883542789469,0.44265360296045
0.762,-0.346679658062155,0.399987191891249
0.764,-0.337475773334841,0.356768547738409
0.766,-0.325203927031756,0.297657862623074
0.768,-0.316000042304442,0.25315067460841
0.77,-0.306796157577128,0.208091253510107
0.772,-0.294524311274043,0.147139791449309
0.774,-0.285320426546729,0.100791826489182
0.776,-0.276116541819415,0.053891628445417
0.778,-0.266912657092102,0.0064391973180126
0.78,-0.257708772364788,-0.0415654668930304
0.782,-0.248504887637474,-0.0901223641877125
0.784,-0.23930100291016,-0.139231494566033
0.786,-0.230097118182846,-0.188892858027993
0.788,-0.220893233455532,-0.239106454573591
0.79,-0.211689348728218,-0.289872284202829
0.792,-0.202485464000905,-0.341190346915705
0.794,-0.196349540849362,-0.377720834833363
0.796,-0.187145656122048,-0.429959286018971
0.798,-0.181009732970506,-0.467410162409361
0.8,-0.174873809818963,-0.505229194188843
0.802,-0.168737886667421,-0.543416381357418
0.804,-0.162601963515878,-0.581971723915086
0.806,-0.156466040364335,-0.620895221861846
0.808,-0.153398078788564,-0.644847067318842
0.81,-0.147262155637022,-0.684322798349241
0.812,-0.14419419406125,-0.708826876889876
0.814,-0.141126232485479,-0.733515033125058
0.816,-0.141126232485479,-0.743047459175929
0.818,-0.138058270909708,-0.767919693105657
0.82,-0.138058270909708,-0.777636196851074
0.822,-0.138058270909708,-0.787352700596492
0.824,-0.138058270909708,-0.797069204341909
0.826,-0.138058270909708,-0.806785708087327
0.828,-0.138058270909708,-0.816502211832744
0.83,-0.141126232485479,-0.810878907699306
0.832,-0.14419419406125,-0.80507152587132
0.834,-0.147262155637022,2.20091993365121
0.836,-0.150330117212793,2.24309547086829
0.838,-0.153398078788564,2.28545508577991
0.84,-0.153398078788564,2.31265897050723
0.842,-0.153398078788564,2.33986285523454
0.844,-0.150330117212793,2.351726932083
0.846,-0.147262155637022,2.36340693123691
0.848,-0.141126232485479,2.35956304481742
0.85,-0.131922347758165,2.34001119512998
0.852,-0.122718463030851,2.3199071123589
0.854,-0.110446616727766,2.28391098862532
0.856,-0.098174770424681,2.24717855411356
0.858,-0.0828349625458246,2.19437000094476
0.86,-0.0674951546669682,2.14064105930323
0.862,-0.0490873852123405,2.07065192131011
0.864,-0.0306796157577128,1.99955831714971
0.866,-0.00920388472731385,1.91202043894318
0.868,0.0122718463030851,1.82319401687482
0.87,0.0368155389092554,1.71773924306579
0.872,0.0613592315154256,1.61081184770038
0.874,0.0859029241215959,1.5024118307786
0.876,0.110446616727766,1.39253919230046
0.878,0.138058270909708,1.26585412438708
0.88,0.165669925091649,1.13751235722279
0.882,0.193281579273591,1.00751389080759
0.884,0.220893233455532,0.875858725141462
0.886,0.251572849213245,0.727207052345566
0.888,0.279184503395187,0.592054410483064
0.89,0.306796157577128,0.455245069369645
0.892,0.337475773334841,0.301439221126453
0.894,0.365087427516783,0.161132403816655
0.896,0.395767043274495,0.00382907937708404
0.898,0.423378697456437,-0.139975214129094
0.9,0.450990351638379,-0.285436206886188
0.902,0.47860200582032,-0.432553898894198
0.904,0.50314569842649,-0.565988482274268
0.906,0.530757352608432,-0.716235495089565
0.908,0.555301045214602,-0.852799399276923
0.91,0.579844737820772,-0.99083592502065
0.912,0.604388430426943,-1.13034507232075
0.914,0.625864161457342,-1.25598703329836
0.916,0.644271930911969,-1.36757773025894
0.918,0.665747661942368,-1.49561270126565
0.92,0.684155431396996,-1.60959640825533
0.922,0.699495239275852,-1.70934477353343
0.924,0.714835047154709,-1.81001352728427
0.926,0.727106893457794,-1.89626286162897
0.928,0.739378739760879,-1.98324850675187
0.93,0.748582624488193,-2.05563065477409
0.932,0.754718547639735,-2.11322522800109
0.934,0.760854470791278,-2.17118795661719
0.936,0.766990393942821,-2.22951884062238
0.938,0.770058355518592,-2.27287807213781
0.94,0.770058355518592,-2.30108157346892
0.942,0.766990393942821,-2.31394526692118
0.944,0.763922432367049,-2.32662488267889
0.946,0.760854470791278,-2.33912042074206
0.948,0.754718547639735,-2.33609207323182
0.95,0.745514662912422,-2.31735576245364
0.952,0.736310778185108,-2.29806721859182
0.954,0.724038931882023,-2.2628866337675
0.956,0.708699124003166,-2.21162993028614
0.958,0.69335931612431,-2.15945283833204
0.96,0.674951546669682,-2.09101555002636
0.962,0.656543777215054,-2.02147379555341
0.964,0.638136007760427,-1.95082757491317
0.966,0.616660276730028,-1.8637370802268
0.968,0.595184545699629,-1.77535804167861
0.97,0.570640853093458,-1.67035065138973
0.972,0.546097160487288,-1.56387063954449
0.974,0.521553467881118,-1.45591800614288
0.976,0.493941813699176,-1.33115294330604
0.978,0.469398121093006,-1.22007098909714
0.98,0.441786466911065,-1.09217660545301
0.982,0.414174812729123,-0.962625522557965
0.984,0.38349519697141,-0.816077932533148
0.986,0.355883542789469,-0.683029373441725
0.988,0.328271888607527,-0.548324115099385
0.99,0.297592272849814,-0.396622349627273
0.992,0.269980618667873,-0.258419615088554
0.994,0.23930100291016,-0.103220373420062
0.996,0.211689348728218,0.038479837315036
0.998,0.184077694546277,0.181836747301051
1,0.156466040364335,0.326850356537982
1.002,0.128854386182394,0.473520665025829
1.004,0.104310693576224,0.606507864885737
1.006,0.0766990393942821,0.756307494180871
1.008,0.0521553467881118,0.892424014848066
1.01,0.0306796157577128,1.01467334919277
1.012,0.00613592315154256,1.15355103527816
1.014,-0.0153398078788564,1.27856153504106
1.016,-0.0337475773334841,1.38952077078693
1.018,-0.0521553467881118,1.50158447270008
1.02,-0.0705631162427395,1.61475264078051
1.022,-0.0859029241215959,1.71368546714935
1.024,-0.101242732000452,1.81353868199093
1.026,-0.113514578303537,1.89897247742638
1.028,-0.122718463030851,1.96980277576117
1.03,-0.131922347758165,2.04118530717959
1.032,-0.141126232485479,2.11312007168164
1.034,-0.147262155637022,2.17026726138849
1.036,-0.150330117212793,2.21244279860556
1.038,-0.153398078788564,2.25480241351719
1.04,-0.153398078788564,2.2820062982445
1.042,-0.150330117212793,2.29387037509296
1.044,-0.147262155637022,2.30555037424687
1.046,-0.14419419406125,2.31704629570624
1.048,-0.134990309333936,2.29767852371334
1.05,-0.128854386182394,2.29309832651566
1.052,-0.116582539879309,2.25747035817118
1.054,-0.104310693576224,2.22110607904852
1.056,-0.0920388472731385,2.18400548914766
1.058,-0.0766990393942821,2.13082878058977
1.06,-0.0582912699396544,2.06139187568029
1.062,-0.042951462060798,2.00619031248239
1.064,-0.021475731030399,1.91938874505404
1.066,0,1.83129863376387
1.068,0.021475731030399,1.74191997861187
1.07,0.042951462060798,1.65125277959805
1.072,0.0674951546669682,1.54395722884355
1.074,0.0920388472731385,1.43518905653269
1.076,0.11965050145508,1.30960845478659
1.078,0.14419419406125,1.19771096166843
1.08,0.171805848243192,1.06900103911505
1.082,0.199417502425133,0.938634417310751
1.084,0.227029156607075,0.806611096255535
1.086,0.257708772364788,0.657591268070547
1.088,0.285320426546729,0.522070470818952
1.09,0.328271888607527,0.308193934922158
1.092,0.340543734910612,0.245138390090281
1.094,0.371223350668325,0.0893076872070799
1.096,0.398835004850267,-0.0530239847427271
1.098,0.426446659032208,-0.197012355943451
1.1,0.450990351638379,-0.327317618516235
1.102,0.47860200582032,-0.474435310524245
1.104,0.518485506305347,-0.684568933298598
1.106,0.530757352608432,-0.759037295192344
1.108,0.555301045214602,-0.895601199379701
1.11,0.576776776245001,-1.01829791724457
1.112,0.5982525072754,-1.14228317897127
1.114,0.628932123033113,-1.31357640819636
1.116,0.641203969336198,-1.39467156709377
1.118,0.659611738790826,-1.50718265252708
1.12,0.674951546669682,-1.60545839624881
1.122,0.690291354548539,-1.70465452844327
1.124,0.705631162427395,-1.80477104911047
1.126,0.71790300873048,-1.89046815037154
1.128,0.727106893457794,-1.96156175453193
1.13,0.736310778185108,-2.03320759177597
1.132,0.745514662912422,-2.10540566210365
1.134,0.748582624488193,-2.14747634975725
1.136,0.751650586063964,-2.1897311151054
1.138,0.751650586063964,-2.21683015026923
1.14,0.751650586063964,-2.24392918543307
1.142,0.751650586063964,-2.27102822059691
1.144,0.745514662912422,-2.26744764000304
1.146,0.739378739760879,-2.26349890402007
1.148,0.733242816609336,-2.25918201264801
1.15,0.724038931882023,-2.239157158008
1.152,0.711767085578938,-2.20324026240549
1.154,0.699495239275852,-2.16658705602481
1.156,0.678019508245453,-2.08317811522936
1.158,0.66881562351814,-2.05983986208752
1.16,0.650407854063512,-1.98992995222547
1.162,0.62279619988157,-1.87289615255957
1.164,0.613592315154256,-1.8462445009159
1.166,0.579844737820772,-1.69632215315773
1.168,0.558369006790373,-1.60573418227498
1.17,0.533825314184203,-1.49851785965155
1.172,0.521553467881118,-1.45118814698718
1.174,0.484737928971863,-1.28040366051377
1.176,0.457126274789921,-1.15342966534238
1.178,0.432582582183751,-1.04013877879892
1.18,0.404970928001809,-0.910035462820237
1.182,0.377359273819868,-0.778275447590638
1.184,0.349747619637926,-0.644858733110122
1.186,0.322135965455985,-0.50978531937869
1.188,0.294524311274043,-0.373055206396341
1.19,0.266912657092102,-0.234668394163076
1.192,0.23930100291016,-0.0946248826788945
1.194,0.21475731030399,0.0317355201773473
1.196,0.187145656122048,0.174908352468816
1.198,0.174873809818963,0.243038844616918
1.2,0.147262155637022,0.388604686937488
1.202,0.110446616727766,0.581846652145544
1.204,0.0859029241215959,0.715938318172729
1.206,0.0644271930911969,0.836162797877428
1.208,0.042951462060798,0.957675821443951
1.21,0.021475731030399,1.0804773888723
1.212,0,1.20456750016247
1.214,-0.0184077694546277,1.31460634743561
1.216,-0.0337475773334841,1.41040985299717
1.218,-0.0490873852123405,1.50713374703146
1.22,-0.0644271930911969,1.60477802953848
1.222,-0.0766990393942821,1.68800289263938
1.224,-0.0889708856973672,1.77196406651846
1.226,-0.098174770424681,1.84132174329687
1.228,-0.107378655151995,1.91123165315892
1.23,-0.113514578303537,1.96635398822576
1.232,-0.11965050145508,2.02184447868168
1.234,-0.122718463030851,2.06236331664784
1.236,-0.122718463030851,2.08772642442969
1.238,-0.122718463030851,2.11308953221154
1.24,-0.11965050145508,2.12311283211454
1.242,-0.116582539879309,2.13295205432299
1.244,-0.110446616727766,2.12726739095803
1.246,-0.104310693576224,2.12121457220399
1.248,-0.0951068088489097,2.09945379018199
1.25,-0.0859029241215959,2.07714077507636
1.252,-0.0736310778185108,2.03893571900823
1.254,-0.0613592315154256,1.99999435216191
1.256,-0.0490873852123405,1.96031667453741
1.258,-0.0306796157577128,1.88922307037701
1.26,-0.0153398078788564,1.83236480792819
1.262,0.00306796157577128,1.75924634912779
1.264,0.021475731030399,1.6850234241601
1.266,0.042951462060798,1.59435622514628
1.268,0.0644271930911969,1.50240048227064
1.27,0.0859029241215959,1.40915619553317
1.272,0.110446616727766,1.29928355705503
1.274,0.134990309333936,1.18793829702051
1.276,0.156466040364335,1.09046022330848
1.278,0.184077694546277,0.961013989976909
1.28,0.208621387152447,0.845250865273281
1.282,0.233165079758617,0.728015119013283
1.284,0.257708772364788,0.609306751196915
1.286,0.285320426546729,0.47378595394532
1.288,0.3098641191529,0.351948265321665
1.29,0.33440781175907,0.22863795514164
1.292,0.362019465941011,0.0885152155263878
1.294,0.386563158547182,-0.0379244154609243
1.296,0.411106851153352,-0.165836668004606
1.298,0.435650543759522,-0.295221542104659
1.3,0.460194236365692,-0.426079037761081
1.302,0.481669967396091,-0.543069347095018
1.304,0.50314569842649,-0.661348200290778
1.306,0.527689391032661,-0.796255405227219
1.308,0.546097160487288,-0.901955615962317
1.31,0.567572891517687,-1.02410010074355
1.312,0.585980660972315,-1.13219332150775
1.314,0.601320468851171,-1.22605120056037
1.316,0.619728238305799,-1.33616927596458
1.318,0.632000084608884,-1.41671220177835
1.32,0.647339892487741,-1.51333124624917
1.322,0.659611738790826,-1.59553087131386
1.324,0.66881562351814,-1.66312699927788
1.326,0.678019508245453,-1.73127536032553
1.328,0.687223392972767,-1.79997595445683
1.33,0.69335931612431,-1.85388897379291
1.332,0.696427277700081,-1.89283034063922
1.334,0.699495239275852,-1.93195578518009
1.336,0.702563200851624,-1.97126530741549
1.338,0.702563200851624,-1.99541909946659
1.34,0.699495239275852,-2.00423308363883
1.342,0.696427277700081,-2.01286299011653
1.344,0.690291354548539,-2.00596901102082
1.346,0.684155431396996,-1.99870687653602
1.348,0.678019508245453,-1.99107658666212
1.35,0.66881562351814,-1.96773833352028
1.352,0.656543777215054,-1.92850803941595
1.354,0.644271930911969,-1.88854143453342
1.356,0.632000084608884,-1.84783851887272
1.358,0.616660276730028,-1.79105948455497
1.36,0.601320468851171,-1.73336006176449
1.362,0.582912699396544,-1.65940044262242
1.364,0.564504929941916,-1.58433635731307
1.366,0.546097160487288,-1.50816780583645
1.368,0.527689391032661,-1.43089478819255
1.37,0.506213660002262,-1.33717749650251
1.372,0.484737928971863,-1.24217166095065
1.374,0.463262197941464,-1.14587728153697
1.376,0.438718505335293,-1.03295455038261
1.378,0.417242774304894,-0.933899005550729
1.38,0.392699081698724,-0.818215108978171
1.382,0.368155389092554,-0.701058590849243
1.384,0.346679658062155,-0.597769259042802
1.386,0.322135965455985,-0.47785157549568
1.388,0.297592272849814,-0.356461270392187
1.39,0.273048580243644,-0.233598343732325
1.392,0.248504887637474,-0.109262795516092
1.394,0.227029156607075,0.00120556637765401
1.396,0.202485464000905,0.128302280012081
1.398,0.190213617697819,0.195512383687452
1.4,0.156466040364335,0.370837453293004
1.402,0.134990309333936,0.486828146023138
1.404,0.113514578303537,0.604107382615097
1.406,0.104310693576224,0.661315931553454
1.408,0.0859029241215959,0.765096137212019
1.41,0.0644271930911969,0.885320616916718
1.412,0.0490873852123405,0.976154024725528
1.414,0.0306796157577128,1.08324762888593
1.416,0.0153398078788564,1.17610589133475
1.418,0,1.2698845422563
1.42,-0.0122718463030851,1.34924377377172
1.422,-0.0245436926061703,1.42933931606533
1.424,-0.0368155389092554,1.51017116913713
1.426,-0.0460194236365692,1.57639952510825
1.428,-0.0552233083638831,1.64318011416302
1.43,-0.0613592315154256,1.69517312842256
1.432,-0.0644271930911969,1.73219449019234
1.434,-0.0705631162427395,1.78473973753553
1.436,-0.0705631162427395,1.80697352451009
1.438,-0.0705631162427395,1.82920731148466
1.44,-0.0705631162427395,1.85144109845922
1.442,-0.0705631162427395,1.87367488543379
1.444,-0.0644271930911969,1.86522905665064
1.446,-0.0582912699396544,1.8564150724784
1.448,-0.0521553467881118,1.84723293291706
1.45,-0.0460194236365692,1.83768263796664
1.452,-0.0368155389092554,1.81242437974826
1.454,-0.0245436926061703,1.77127408056739
1.456,-0.0122718463030851,1.72938747060834
1.458,0,1.6867645498711
1.46,0.0122718463030851,1.64340531835567
1.462,0.0276116541819415,1.5839699681832
1.464,0.0460194236365692,1.50827442165915
1.466,0.0613592315154256,1.44681421684667
1.468,0.0797670009700533,1.36909381568261
1.47,0.098174770424681,1.29026894835127
1.472,0.11965050145508,1.19499980697379
1.474,0.141126232485479,1.09844212173449
1.476,0.159534001940107,1.01593570051222
1.478,0.181009732970506,0.916985005243822
1.48,0.202485464000905,0.816745766113597
1.482,0.227029156607075,0.699878175242691
1.484,0.248504887637474,0.596877770694272
1.486,0.269980618667873,0.492588822284029
1.488,0.294524311274043,0.371671522133105
1.49,0.316000042304442,0.264621408304668
1.492,0.337475773334841,0.156282750614406
1.494,0.35895150436524,0.0466555490623209
1.496,0.380427235395639,-0.0642601963515883
1.498,0.401902966426038,-0.176464485627322
1.5,0.423378697456437,-0.289957318764879
1.502,0.444854428486836,-0.40473869576426
1.504,0.463262197941464,-0.505468808746608
1.506,0.484737928971863,-0.622643195775091
1.508,0.50314569842649,-0.725766318786541
1.51,0.518485506305347,-0.814654100086413
1.512,0.536893275759974,-0.919802077737872
1.514,0.552233083638831,-1.01071471367775
1.516,0.567572891517687,-1.10254773809036
1.518,0.579844737820772,-1.17996134309685
1.52,0.592116584123857,-1.25811125888152
1.522,0.604388430426943,-1.33699748544438
1.524,0.616660276730028,-1.41662002278542
1.526,0.62279619988157,-1.46629925514694
1.528,0.632000084608884,-1.5316864507764
1.53,0.638136007760427,-1.58228607161065
1.532,0.641203969336198,-1.61791403995513
1.534,0.647339892487741,-1.66906589387301
1.536,0.647339892487741,-1.68990628742228
1.538,0.650407854063512,-1.7260864888504
1.54,0.650407854063512,-1.74711096009421
1.542,0.647339892487741,-1.75279562345916
1.544,0.644271930911969,-1.75829620912957
1.546,0.638136007760427,-1.74827290922658
1.548,0.632000084608884,-1.73788145393449
1.55,0.625864161457342,-1.72712184325331
1.552,0.616660276730028,-1.70065426930418
1.554,0.607456392002714,-1.67363446227141
1.556,0.595184545699629,-1.63072261427615
1.558,0.585980660972315,-1.60241426338156
1.56,0.570640853093458,-1.54287406364562
1.562,0.558369006790373,-1.4977532833158
1.564,0.543029198911517,-1.43655638432894
1.566,0.527689391032661,-1.37443909686935
1.568,0.509281621578033,-1.29606161305817
1.57,0.493941813699176,-1.23191947095857
1.572,0.475534044244549,-1.15151713250738
1.574,0.457126274789921,-1.07001032788892
1.576,0.435650543759522,-0.972059249224316
1.578,0.417242774304894,-0.888159434576749
1.58,0.395767043274495,-0.787815345883047
1.582,0.374291312244096,-0.686182713327522
1.584,0.355883542789469,-0.598601344789029
1.586,0.33440781175907,-0.494575702204402
1.588,0.312932080728671,-0.389261515757952
1.59,0.291456349698272,-0.282658785449677
1.592,0.273048580243644,-0.190107319158435
1.594,0.251572849213245,-0.0811115788210586
1.596,0.230097118182846,0.0291727053781415
1.598,0.211689348728218,0.125405725560309
1.6,0.190213617697819,0.238083019788611
1.602,0.171805848243192,0.33670904999988
1.604,0.153398078788564,0.436439546378427
1.606,0.134990309333936,0.537274508924252
1.608,0.11965050145508,0.623874129758498
1.61,0.101242732000452,0.726733946944331
1.612,0.0859029241215959,0.815358422418586
1.614,0.0705631162427395,0.904903286365573
1.616,0.0552233083638831,0.99536853878529
1.618,0.042951462060798,1.07141437179888
1.62,0.0306796157577128,1.14819651559066
1.622,0.021475731030399,1.21037516228177
1.624,0.0122718463030851,1.27310604205651
1.626,0.00306796157577128,1.3363891549149
1.628,-0.00613592315154256,1.40022450085692
1.63,-0.00920388472731385,1.43393246412487
1.632,-0.0153398078788564,1.48316431296622
1.634,-0.0184077694546277,1.51742450931781
1.636,-0.021475731030399,1.55186878336394
1.638,-0.021475731030399,1.57115732722577
1.64,-0.021475731030399,1.59044587108759
1.642,-0.021475731030399,1.60973441494941
1.644,-0.0184077694546277,1.61368315093238
1.646,-0.0122718463030851,1.60210800134195
1.648,-0.00920388472731385,1.60550450424127
1.65,-0.00306796157577128,1.5933771215672
1.652,0.00613592315154256,1.56554177562518
1.654,0.0153398078788564,1.53715419659952
1.656,0.0245436926061703,1.50821438449022
1.658,0.0306796157577128,1.49406214717613
1.66,0.0460194236365692,1.43352233083639
1.662,0.0613592315154256,1.37206212602391
1.664,0.0736310778185108,1.32502134061756
1.666,0.0889708856973672,1.26190443655417
1.668,0.098174770424681,-1.77145324022424
1.67,0.113514578303537,-1.87204276584401
1.672,0.128854386182394,-1.9735526799365
1.674,0.141126232485479,-2.06064317462287
1.676,0.153398078788564,-2.14846998008742
1.678,0.162601963515878,-2.22169328845131
1.68,0.168737886667421,-2.28012902201997
1.682,0.174873809818963,-2.33893291097773
1.684,0.181009732970506,-2.39810495532458
1.686,0.181009732970506,-2.42696553930281
1.688,0.181009732970506,-2.45582612328104
1.69,0.181009732970506,-2.48468670725927
1.692,0.174873809818963,-2.48286767547979
1.694,0.171805848243192,-2.49602029619007
1.696,0.162601963515878,-2.47830922344809
1.698,0.153398078788564,-2.46004591762248
1.7,0.141126232485479,-2.42589057083437
1.702,0.128854386182394,-2.39099891326807
1.704,0.113514578303537,-2.34003113704473
1.706,0.0951068088489097,-2.2728031644698
1.708,0.0766990393942821,-2.2044707257276
1.71,0.0582912699396544,-2.13503382081812
1.712,0.0368155389092554,-2.0491526418625
1.714,0.0153398078788564,-1.96198291904506
1.716,-0.00920388472731385,-1.85818484448694
1.718,-0.0337475773334841,-1.75291414837245
1.72,-0.0613592315154256,-1.63083102282274
1.722,-0.0889708856973672,-1.5070911980221
1.724,-0.116582539879309,-1.38169467397055
1.726,-0.14419419406125,-1.25464145066809
1.728,-0.174873809818963,-1.11059172023585
1.73,-0.205553425576676,-0.964701212858146
1.732,-0.233165079758617,-0.832309736413838
1.734,-0.26384469551633,-0.682921752839757
1.736,-0.294524311274043,-0.531692992320213
1.738,-0.325203927031756,-0.378623454855206
1.74,-0.355883542789469,-0.223713140444737
1.742,-0.386563158547182,-0.0669620490888044
1.744,-0.417242774304894,0.0916298192125907
1.746,-0.447922390062607,0.252062464459448
1.748,-0.475534044244549,0.398996078772912
1.75,-0.50314569842649,0.547586392337293
1.752,-0.533825314184203,0.713173213031446
1.754,-0.558369006790373,0.84992119491335
1.756,-0.585980660972315,1.00348160623048
1.758,-0.610524353578485,1.14335890891967
1.76,-0.635068046184655,1.28470883316523
1.762,-0.656543777215054,1.41219157108831
1.764,-0.678019508245453,1.5409628528732
1.766,-0.696427277700081,1.65568287064107
1.768,-0.714835047154709,1.77150735457621
1.77,-0.730174855033565,1.87309649679978
1.772,-0.745514662912422,1.97560602749607
1.774,-0.757786509215507,2.06369613878624
1.776,-0.770058355518592,2.1525225608546
1.778,-0.776194278670134,2.21140567794343
1.78,-0.785398163397448,2.28599675830021
1.782,-0.78846612497322,2.33046045598291
1.784,-0.791534086548991,2.37510823136016
1.786,-0.794602048124762,2.41994008443195
1.788,-0.794602048124762,2.44961620731944
1.79,-0.791534086548991,2.46395252232807
1.792,-0.785398163397448,2.4627649517633
1.794,-0.779262240245906,2.46120922580943
1.796,-0.773126317094363,2.45928534446647
1.798,-0.760854470791278,2.42631369197671
1.8,-0.748582624488193,2.39260572870876
1.802,-0.736310778185108,2.35816145466262
1.804,-0.720970970306251,2.30764106195945
1.806,-0.702563200851624,2.24086047290469
1.808,-0.684155431396996,2.17297541768264
1.81,-0.665747661942368,2.10398589629333
1.812,-0.644271930911969,2.01855210085787
1.814,-0.619728238305799,1.91648995368174
1.816,-0.595184545699629,1.81295518494924
1.818,-0.570640853093458,1.70794779466036
1.82,-0.543029198911517,1.58612797493626
1.822,-0.515417544729575,1.46265145596125
1.824,-0.487805890547634,1.33751823773531
1.826,-0.460194236365692,1.21072832025846
1.828,-0.42951462060798,1.06694189565184
1.83,-0.398835004850267,0.921314694099755
1.832,-0.371223350668325,0.789186523481064
1.834,-0.340543734910612,0.640061845732599
1.836,-0.3098641191529,0.489096391038672
1.838,-0.279184503395187,0.336290159399281
1.84,-0.248504887637474,0.181643150814428
1.842,-0.217825271879761,0.0251553652841128
1.844,-0.187145656122048,-0.133173197191666
1.846,-0.159534001940107,-0.27800272873405
1.848,-0.131922347758165,-0.424488959527352
1.85,-0.104310693576224,-0.57263188957157
1.852,-0.0766990393942821,-0.722431518866704
1.854,-0.0490873852123405,-0.873887847412755
1.856,-0.0245436926061703,-1.01166106733087
1.858,0,-1.15090690880535
1.86,0.0245436926061703,-1.2916253718362
1.862,0.0460194236365692,-1.41847664854456
1.864,0.0644271930911969,-1.5312766612359
1.866,0.0859029241215959,-1.66052094797336
1.868,0.101242732000452,-1.76037416281494
1.87,0.116582539879309,-1.86114776612925
1.872,0.131922347758165,-1.96284175791629
1.874,0.14419419406125,-2.05011633029721
1.876,0.153398078788564,-2.12278740557745
1.878,0.162601963515878,-2.19601071394133
1.88,0.168737886667421,-2.25444644751
1.882,0.174873809818963,-2.31325033646776
1.884,0.174873809818963,-2.34174276505689
1.886,0.177941771394734,-2.38557500152489
1.888,0.177941771394734,-2.41425150780857
1.89,0.174873809818963,-2.4275882062134
1.892,0.168737886667421,-2.42540101904482
1.894,0.162601963515878,-2.42284567648716
1.896,0.153398078788564,-2.40458237066154
1.898,0.14419419406125,-2.38576683175229
1.9,0.131922347758165,-2.35105925188053
1.902,0.116582539879309,-2.30027555335174
1.904,0.101242732000452,-2.24857146635022
1.906,0.0859029241215959,-2.19594699087596
1.908,0.0674951546669682,-2.12706231905012
1.91,0.0460194236365692,-2.04173337317814
1.912,0.0245436926061703,-1.95511588344434
1.914,0.00306796157577128,-1.86720984984872
1.916,-0.021475731030399,-1.76267546451241
1.918,-0.0460194236365692,-1.65666845761974
1.92,-0.0736310778185108,-1.53384902129184
1.922,-0.098174770424681,-1.42471269359188
1.924,-0.125786424606623,-1.29876393645669
1.926,-0.156466040364335,-1.15581867219173
1.928,-0.184077694546277,-1.02637243886016
1.93,-0.21475731030399,-0.879929698398817
1.932,-0.242368964485931,-0.74698598887087
1.934,-0.273048580243644,-0.59704577221315
1.936,-0.303728196001357,-0.445264778609967
1.938,-0.33440781175907,-0.291643008061321
1.94,-0.362019465941011,-0.15152026844607
1.942,-0.392699081698724,0.00559897829895528
1.944,-0.423378697456437,0.164559001989443
1.946,-0.450990351638379,0.310019994746537
1.948,-0.47860200582032,0.457137686754547
1.95,-0.506213660002262,0.605912078013474
1.952,-0.533825314184203,0.756343168523317
1.954,-0.558369006790373,0.893091150405221
1.956,-0.582912699396544,1.03131175384349
1.958,-0.607456392002714,1.17100497883814
1.96,-0.628932123033113,1.2968310175103
1.962,-0.653475815639283,1.43928540792313
1.964,-0.671883585093911,1.55253280413463
1.966,-0.690291354548539,1.6668846665134
1.968,-0.705631162427395,1.7670011871806
1.97,-0.720970970306251,1.86803809632052
1.972,-0.733242816609336,1.95465558605432
1.974,-0.745514662912422,2.04200938656631
1.976,-0.754718547639735,2.11475968997762
1.978,-0.763922432367049,2.18806222647258
1.98,-0.770058355518592,2.24657718817231
1.982,-0.773126317094363,2.29012049738229
1.984,-0.776194278670134,2.3338478842868
1.986,-0.776194278670134,2.36241954100701
1.988,-0.776194278670134,2.39099119772722
1.99,-0.773126317094363,2.40422304656857
1.992,-0.766990393942821,2.40193100983652
1.994,-0.760854470791278,2.39927081771538
1.996,-0.751650586063964,2.38090266232628
1.998,-0.739378739760879,2.3466424659747
2,-0.727106893457794,2.31164595884492
2.002,-0.714835047154709,2.27591314093697
2.004,-0.699495239275852,2.22410420437197
2.006,-0.681087469821225,2.15603507145538
2.008,-0.662679700366597,2.08686147237151
2.01,-0.641203969336198,2.00124359924151
2.012,-0.619728238305799,1.91433718224969
2.014,-0.5982525072754,1.82614222139604
2.016,-0.57370881466923,1.72131890880172
2.018,-0.54916512206306,1.61502297465102
2.02,-0.521553467881118,1.4919146110651
2.022,-0.493941813699176,1.36714954822825
2.024,-0.466330159517235,1.2407277861405
2.026,-0.438718505335293,1.11264932480182
2.028,-0.411106851153352,0.982914164212234
2.03,-0.380427235395639,0.836182496492871
2.032,-0.352815581213697,0.702949859706902
2.034,-0.322135965455985,0.55272071579116
2.036,-0.291456349698272,0.400650794929955
2.038,-0.26384469551633,0.262079905002143
2.04,-0.233165079758617,0.106512507944559
2.042,-0.205553425576676,-0.0355558581796317
2.044,-0.177941771394734,-0.179280923554739
2.046,-0.147262155637022,-0.340002496059619
2.048,-0.11965050145508,-0.487225037631105
2.05,-0.0951068088489097,-0.620764470574652
2.052,-0.0674951546669682,-0.771116332953425
2.054,-0.042951462060798,-0.907785086704258
2.056,-0.0184077694546277,-1.04592646201146
2.058,0.00306796157577128,-1.17020065099618
2.06,0.0276116541819415,-1.31110319172158
2.062,0.0460194236365692,-1.42279873824563
2.064,0.0644271930911969,-1.53559875093696
2.066,0.0828349625458246,-1.64950322979557
2.068,0.098174770424681,-1.74917236694261
2.07,0.113514578303537,-1.84976189256237
2.072,0.125786424606623,-1.93593199877601
2.074,0.138058270909708,-2.02283841576783
2.076,0.147262155637022,-2.09514133565898
2.078,0.153398078788564,-2.15265668075492
2.08,0.159534001940107,-2.21054018123994
2.082,0.162601963515878,-2.2534520292352
2.084,0.165669925091649,-2.29654795492501
2.086,0.165669925091649,-2.32448815043051
2.088,0.165669925091649,-2.35242834593601
2.09,0.162601963515878,-2.36502873356265
2.092,0.156466040364335,-2.36210523561589
2.094,0.147262155637022,-2.34347377440119
2.096,0.138058270909708,-2.32429008010284
2.098,0.128854386182394,-2.30455415272085
2.1,0.116582539879309,-2.26892618437637
2.102,0.101242732000452,-2.21722209737485
2.104,0.0859029241215959,-2.16459762190059
2.106,0.0705631162427395,-2.1110527579536
2.108,0.0521553467881118,-2.04124769765503
2.11,0.0306796157577128,-1.95499836331032
2.112,0.00920388472731385,-1.86746048510379
2.114,-0.0122718463030851,-1.77863406303543
2.116,-0.0368155389092554,-1.6731792892264
2.118,-0.0613592315154256,-1.56625189386099
2.12,-0.0859029241215959,-1.45785187693921
2.122,-0.113514578303537,-1.33263943058221
2.124,-0.141126232485479,-1.20577028497429
2.126,-0.168737886667421,-1.07724444011545
2.128,-0.196349540849362,-0.9470618960057
2.13,-0.227029156607075,-0.799882844766175
2.132,-0.254640810789016,-0.666202824460042
2.134,-0.285320426546729,-0.515526297024137
2.136,-0.312932080728671,-0.378348800521626
2.138,-0.343611696486384,-0.224174796889341
2.14,-0.371223350668325,-0.0834998241904507
2.142,-0.398835004850267,0.0588318477593563
2.144,-0.426446659032208,0.20282021896008
2.146,-0.457126274789921,0.363805097290577
2.148,-0.481669967396091,0.495951136808823
2.15,-0.509281621578033,0.644909605762297
2.152,-0.536893275759974,0.795524773966686
2.154,-0.561436968366145,0.932456833543136
2.156,-0.582912699396544,1.0555217067971
2.158,-0.607456392002714,1.19521493179174
2.16,-0.628932123033113,1.3210409704639
2.162,-0.647339892487741,1.43281574511903
2.164,-0.66881562351814,1.56103479382029
2.166,-0.684155431396996,1.65986277062566
2.168,-0.699495239275852,1.75961113590376
2.17,-0.714835047154709,1.86027988965459
2.172,-0.727106893457794,1.9465292239993
2.174,-0.736310778185108,2.01817506124334
2.176,-0.745514662912422,2.09037313157101
2.178,-0.751650586063964,2.14778362710347
2.18,-0.757786509215507,2.20556227802502
2.182,-0.760854470791278,2.24836927645681
2.184,-0.760854470791278,2.27602054470428
2.186,-0.760854470791278,2.30367181295176
2.188,-0.760854470791278,2.33132308119924
2.19,-0.754718547639735,2.328294733689
2.192,-0.748582624488193,2.32489823078967
2.194,-0.74244670133665,2.32113357250125
2.196,-0.733242816609336,2.30166095094488
2.198,-0.720970970306251,2.26629628842602
2.2,-0.708699124003166,2.23019531512897
2.202,-0.696427277700081,2.19335803105373
2.204,-0.681087469821225,2.14044462832145
2.206,-0.662679700366597,2.07127102923759
2.208,-0.644271930911969,2.00099296398644
2.21,-0.62279619988157,1.91427062468917
2.212,-0.601320468851171,1.82625974153007
2.214,-0.579844737820772,1.73696031450914
2.216,-0.555301045214602,1.63103253574754
2.218,-0.530757352608432,1.52363213542956
2.22,-0.50314569842649,1.39941930567636
2.222,-0.47860200582032,1.2888895845511
2.224,-0.450990351638379,1.16154743399061
2.226,-0.423378697456437,1.03254858417921
2.228,-0.395767043274495,0.901893035116884
2.23,-0.365087427516783,0.754240978924789
2.232,-0.337475773334841,0.620087953666089
2.234,-0.3098641191529,0.484278229156472
2.236,-0.279184503395187,0.331471997517081
2.238,-0.251572849213245,0.192164796811085
2.24,-0.223961195031304,0.0512008968541718
2.242,-0.196349540849362,-0.0914197023536577
2.244,-0.168737886667421,-0.235697000812404
2.246,-0.141126232485479,-0.381630998522066
2.248,-0.113514578303537,-0.529221695482645
2.25,-0.0889708856973672,-0.663129283815284
2.252,-0.0644271930911969,-0.798509493704293
2.254,-0.0398835004850267,-0.935362325149673
2.256,-0.0153398078788564,-1.07368777815142
2.258,0.00613592315154256,-1.19814604483069
2.26,0.0276116541819415,-1.32389285537177
2.262,0.0460194236365692,-1.43558840189583
2.264,0.0644271930911969,-1.54838841458716
2.266,0.0797670009700533,-1.64695308556691
2.268,0.0951068088489097,-1.7464381450194
2.27,0.107378655151995,-1.83150378506576
2.272,0.11965050145508,-1.91730573589031
2.274,0.128854386182394,-1.98850418961418
2.276,0.138058270909708,-2.06025487642169
2.278,0.14419419406125,-2.11721798843399
2.28,0.150330117212793,-2.17454925583538
2.282,0.153398078788564,-2.216908870747
2.284,0.153398078788564,-2.24411275547431
2.286,0.153398078788564,-2.27131664020163
2.288,0.150330117212793,-2.28318071705008
2.29,0.147262155637022,-2.294860716204
2.292,0.141126232485479,-2.2910168297845
2.294,0.131922347758165,-2.27146498009706
2.296,0.122718463030851,-2.25136089732598
2.298,0.113514578303537,-2.23070458147127
2.3,0.098174770424681,-2.1788164167752
2.302,0.0859029241215959,-2.14134767148525
2.304,0.0705631162427395,-2.08780280753827
2.306,0.0521553467881118,-2.01799774723969
2.308,0.0337475773334841,-1.94708822077384
2.31,0.0122718463030851,-1.85973442026185
2.312,-0.00920388472731385,-1.77109207588804
2.314,-0.0306796157577128,-1.68116118765241
2.316,-0.0552233083638831,-1.5746019476761
2.318,-0.0797670009700533,-1.46657008614341
2.32,-0.104310693576224,-1.35706560305436
2.322,-0.128854386182394,-1.24608849840893
2.324,-0.156466040364335,-1.11829896432828
2.326,-0.184077694546277,-0.988852730996714
2.328,-0.211689348728218,-0.857749798414229
2.33,-0.23930100291016,-0.724990166580828
2.332,-0.266912657092102,-0.590573835496511
2.334,-0.294524311274043,-0.454500805161277
2.336,-0.325203927031756,-0.301431267696271
2.338,-0.352815581213697,-0.161860761164658
2.34,-0.380427235395639,-0.0206335553821282
2.342,-0.408038889577581,0.122250349651318
2.344,-0.435650543759522,0.266790953935681
2.346,-0.460194236365692,0.397648449592103
2.348,-0.487805890547634,0.545318374683752
2.35,-0.512349583153804,0.679305191147462
2.352,-0.536893275759974,0.814764629167541
2.354,-0.561436968366145,0.951696688743991
2.356,-0.582912699396544,1.07476156199795
2.358,-0.604388430426943,1.19911497911374
2.36,-0.625864161457342,1.32475694009135
2.362,-0.644271930911969,1.43634763705193
2.364,-0.662679700366597,1.54904280017979
2.366,-0.678019508245453,1.64750262159607
2.368,-0.69335931612431,1.74688283148508
2.37,-0.705631162427395,1.83184362196796
2.372,-0.71790300873048,1.91754072322903
2.374,-0.727106893457794,1.98863432738943
2.376,-0.733242816609336,2.04494035675461
2.378,-0.739378739760879,2.10161454150888
2.38,-0.745514662912422,2.15865688165225
2.382,-0.745514662912422,2.18538776142699
2.384,-0.748582624488193,2.22745844908059
2.386,-0.745514662912422,2.23903359867103
2.388,-0.745514662912422,2.26576447844577
2.39,-0.739378739760879,2.26181574246281
2.392,-0.733242816609336,2.25749885109075
2.394,-0.724038931882023,2.23747399645074
2.396,-0.714835047154709,2.21689690872709
2.398,-0.705631162427395,2.1957675879198
2.4,-0.690291354548539,2.14340641827116
2.402,-0.678019508245453,2.10546466802865
2.404,-0.659611738790826,2.03610699125024
2.406,-0.644271930911969,1.98098465618341
2.408,-0.62279619988157,1.89426231688613
2.41,-0.604388430426943,1.82159124160589
2.412,-0.582912699396544,1.73247589227951
2.414,-0.561436968366145,1.64207199909131
2.416,-0.536893275759974,1.53503975416242
2.418,-0.500077736850719,1.36517565616174
2.42,-0.487805890547634,1.31582108885736
2.422,-0.460194236365692,1.18903117138051
2.424,-0.435650543759522,1.0759243625316
2.426,-0.392699081698724,0.869306084853185
2.428,-0.368155389092554,0.752149566724257
2.43,-0.352815581213697,0.679539850675528
2.432,-0.312932080728671,0.483291283123216
2.434,-0.297592272849814,0.407368168572655
2.436,-0.269980618667873,0.269165434033936
2.438,-0.242368964485931,0.1293060002443
2.44,-0.202485464000905,-0.0735693643116771
2.442,-0.174873809818963,-0.217478507381331
2.444,-0.162601963515878,-0.286345310307619
2.446,-0.122718463030851,-0.494006694921799
2.448,-0.110446616727766,-0.566002818655374
2.45,-0.0859029241215959,-0.700094484682559
2.452,-0.0644271930911969,-0.820318964387258
2.454,-0.0306796157577128,-1.00319121946921
2.456,-0.00920388472731385,-1.12672909767574
2.458,0.0122718463030851,-1.2515555197441
2.46,0.021475731030399,-1.31631125415885
2.462,0.0368155389092554,-1.41229883741496
2.464,0.0552233083638831,-1.52454661702265
2.466,0.0766990393942821,-1.65323867067648
2.468,0.0889708856973672,-1.73719984455556
2.47,0.101242732000452,-1.82189732921283
2.472,0.104310693576224,-1.86131170101171
2.474,0.116582539879309,-1.94692957414171
2.476,0.11965050145508,-1.98726433441332
2.478,0.128854386182394,-2.0584627881372
2.48,0.128854386182394,-2.08419405130814
2.482,0.131922347758165,-2.12526512235794
2.484,0.131922347758165,-2.15118046322343
2.486,0.128854386182394,-2.16175599621007
2.488,0.125786424606623,-2.17214745150215
2.49,0.11965050145508,-2.16701502122084
2.492,0.110446616727766,-2.14617462767157
2.494,0.101242732000452,-2.12478200103867
2.496,0.0920388472731385,-2.10283714132213
2.498,0.0859029241215959,-2.0956798564008
2.5,0.0644271930911969,0.988544623303896
2.502,0.0521553467881118,1.06403822323385
2.504,0.0368155389092554,1.15560794182084
2.506,0.0245436926061703,1.23275824100172
2.508,0.0153398078788564,1.29530504308191
2.51,0.00613592315154256,1.35840407824575
2.512,-0.00306796157577128,1.42205534649323
2.514,-0.0122718463030851,1.48625884782434
2.516,-0.0184077694546277,1.53567477436024
2.518,-0.021475731030399,1.57011904840638
2.52,-0.0245436926061703,1.60474740014706
2.522,-0.0276116541819415,1.63955982958228
2.524,-0.0276116541819415,1.6592165288332
2.526,-0.0276116541819415,1.67887322808412
2.528,-0.0245436926061703,1.68319011945618
2.53,-0.021475731030399,1.68732293313369
2.532,-0.0184077694546277,1.69127166911666
2.534,-0.0122718463030851,1.67969651952622
2.536,-0.00613592315154256,1.66775321454669
2.538,0.00306796157577128,1.64010194629922
2.54,0.0122718463030851,1.6118984449681
2.542,0.021475731030399,1.58314271055335
2.544,0.0337475773334841,1.5384949351761
2.546,0.0460194236365692,1.49311084902066
2.548,0.0613592315154256,1.43165064420819
2.55,0.0766990393942821,1.36927005092298
2.552,0.0920388472731385,1.30596906916504
2.554,0.107378655151995,1.24174769893437
2.556,0.125786424606623,1.16126613235211
2.558,0.14419419406125,1.07968009960258
2.56,0.162601963515878,0.996989600685763
2.562,0.181009732970506,0.913194635601672
2.564,0.199417502425133,0.828295204350303
2.566,0.217825271879761,0.742291306931657
2.568,0.23930100291016,0.639843135466876
2.57,0.257708772364788,0.551446228019128
2.572,0.279184503395187,0.446605046525246
2.574,0.297592272849814,0.355815129048396
2.576,0.319068003880213,0.248580937525412
2.578,0.337475773334841,0.155398010019461
2.58,0.35895150436524,0.045770808467376
2.582,0.377359273819868,-0.0498051290676769
2.584,0.395767043274495,-0.146485532770007
2.586,0.417242774304894,-0.259610210518472
2.588,0.432582582183751,-0.343343816371048
2.59,0.450990351638379,-0.443337618575211
2.592,0.469398121093006,-0.544435886946653
2.594,0.484737928971863,-0.631298813606515
2.596,0.50314569842649,-0.734421936617965
2.598,0.515417544729575,-0.80796991003898
2.6,0.530757352608432,-0.897594002117037
2.602,0.543029198911517,-0.972798674788969
2.604,0.555301045214602,-1.04873965823908
2.606,0.567572891517687,-1.12541695246739
2.608,0.576776776245001,-1.18749074959502
2.61,0.589048622548086,-1.26545658768514
2.612,0.595184545699629,-1.31347912079574
2.614,0.601320468851171,-1.36186980929543
2.616,0.607456392002714,-1.41062865318421
2.618,0.613592315154256,-1.45975565246209
2.62,0.616660276730028,-1.4939109992502
2.622,0.616660276730028,-1.512910615854
2.624,0.619728238305799,-1.54725004033666
2.626,0.619728238305799,-1.56643373463501
2.628,0.616660276730028,-1.5702776210545
2.63,0.613592315154256,-1.57393742977945
2.632,0.610524353578485,-1.57741316080985
2.634,0.604388430426943,-1.56536500626684
2.636,0.5982525072754,-1.55294869633475
2.638,0.592116584123857,-1.54016423101356
2.64,0.582912699396544,-1.51167180242442
2.642,0.57370881466923,-1.48262714075164
2.644,0.561436968366145,-1.43769043811637
2.646,0.54916512206306,-1.39201742470291
2.648,0.536893275759974,-1.34560810051127
2.65,0.524621429456889,-1.29846246554144
2.652,0.509281621578033,-1.23524071191458
2.654,0.497009775274948,-1.18643837769383
2.656,0.481669967396091,-1.12155992481605
2.658,0.463262197941464,-1.04042127558667
2.66,0.447922390062607,-0.973517968068879
2.662,0.42951462060798,-0.890354464199497
2.664,0.414174812729123,-0.821426302041694
2.666,0.395767043274495,-0.736237943532303
2.668,0.377359273819868,-0.649945118855634
2.67,0.35895150436524,-0.562547828011688
2.672,0.340543734910612,-0.474046071000464
2.674,0.322135965455985,-0.384439847821962
2.676,0.303728196001357,-0.293729158476183
2.678,0.285320426546729,-0.201914002963126
2.68,0.266912657092102,-0.108994381282791
2.682,0.248504887637474,-0.0149702934351785
2.684,0.230097118182846,0.0801582605797115
2.686,0.211689348728218,0.176391280761879
2.688,0.196349540849362,0.258388959232468
2.69,0.177941771394734,0.356646834054645
2.692,0.162601963515878,0.440669367165243
2.694,0.147262155637022,0.525612288748572
2.696,0.131922347758165,0.611475598804633
2.698,0.116582539879309,0.698259297333425
2.7,0.104310693576224,0.770623576456092
2.702,0.0889708856973672,0.859063974235801
2.704,0.0766990393942821,0.933084952609384
2.706,0.0674951546669682,0.992502433882297
2.708,0.0582912699396544,1.05247214823885
2.71,0.0490873852123405,1.11299409567904
2.712,0.0398835004850267,1.17406827620287
2.714,0.0337475773334841,1.22035488193148
2.716,0.0276116541819415,1.26700964304918
2.718,0.021475731030399,1.31403255955598
2.72,0.0184077694546277,1.34608382357301
2.722,0.0184077694546277,1.36297935740573
2.724,0.0153398078788564,1.39521469911731
2.726,0.0153398078788564,1.41229431064458
2.728,0.0184077694546277,1.41403411429299
2.73,0.021475731030399,1.41558984024686
2.732,0.0245436926061703,1.41696148850618
2.734,0.0306796157577128,1.40280925119209
2.736,0.0368155389092554,1.38828885848892
2.738,0.042951462060798,1.37340031039665
2.74,0.0521553467881118,1.34280379903643
2.742,0.0613592315154256,1.31165505459258
2.744,0.0705631162427395,1.27995407706508
2.746,0.0797670009700533,1.24770086645395
2.748,0.0920388472731385,1.19955561488032
2.75,0.104310693576224,1.15067405252851
2.752,0.116582539879309,1.10105617939851
2.754,0.131922347758165,1.03536218761147
2.756,0.147262155637022,0.968747807351695
2.758,0.159534001940107,0.916552846498048
2.76,0.174873809818963,0.84828176698736
2.762,0.190213617697819,0.77909029900394
2.764,0.208621387152447,0.693638634668932
2.766,0.223961195031304,0.622422312045504
2.768,0.23930100291016,0.550285600949343
2.77,0.257708772364788,0.461888693501595
2.772,0.273048580243644,0.387727127765426
2.774,0.291456349698272,0.297305365677669
2.776,0.306796157577128,0.22111894530149
2.778,0.322135965455985,0.144012136452581
2.78,0.340543734910612,0.0506451312520831
2.782,0.355883542789469,-0.0284865322368357
2.784,0.371223350668325,-0.108538584198486
2.786,0.386563158547182,-0.189511024632867
2.788,0.404970928001809,-0.286743661418837
2.79,0.417242774304894,-0.354401148614371
2.792,0.432582582183751,-0.438134754466946
2.794,0.444854428486836,-0.507448940913397
2.796,0.460194236365692,-0.592839246016889
2.798,0.472466082668777,-0.663810131714257
2.8,0.484737928971863,-0.735517328189809
2.802,0.493941813699176,-0.79262102756469
2.804,0.506213660002262,-0.865616767902066
2.806,0.515417544729575,-0.924009011138771
2.808,0.524621429456889,-0.982953487459115
2.81,0.527689391032661,-1.01177058110538
2.812,0.533825314184203,-1.05611156032506
2.814,0.543029198911517,-1.11616050281268
2.816,0.543029198911517,-1.13074225474737
2.818,0.54916512206306,-1.17600362243977
2.82,0.552233083638831,-1.20629333764241
2.822,0.555301045214602,-1.2367671305396
2.824,0.558369006790373,-1.26742500113133
2.826,0.558369006790373,-1.28292714153875
2.828,0.558369006790373,-1.29842928194618
2.83,0.558369006790373,-1.3139314223536
2.832,0.555301045214602,-1.31409375488217
2.834,0.552233083638831,-1.31407200971619
2.836,0.54916512206306,-1.31386618685566
2.838,0.543029198911517,-1.29813647842173
2.84,0.536893275759974,-1.28203861459871
2.842,0.530757352608432,-1.26557259538659
2.844,0.524621429456889,-1.24873842078539
2.846,0.515417544729575,-1.21619628291623
2.848,0.506213660002262,-1.18310191196344
2.85,0.497009775274948,-1.149455307927
2.852,0.484737928971863,-1.09991666292807
2.854,0.472466082668777,-1.04964170715096
2.856,0.460194236365692,-0.99863044059566
2.858,0.447922390062607,-0.946882863262176
2.86,0.435650543759522,-0.894398975150507
2.862,0.420310735880666,-0.825838968381796
2.864,0.408038889577581,-0.771698381019211
2.866,0.392699081698724,-0.701481674999584
2.868,0.377359273819868,-0.630344580507225
2.87,0.362019465941011,-0.558287097542135
2.872,0.346679658062155,-0.485309226104313
2.874,0.331339850183298,-0.411410966193761
2.876,0.316000042304442,-0.336592317810477
2.878,0.300660234425586,-0.260853280954461
2.88,0.285320426546729,-0.184193855625714
2.882,0.269980618667873,-0.106614041824236
2.884,0.254640810789016,-0.0281138395500263
2.886,0.23930100291016,0.0513067511969149
2.888,0.223961195031304,0.131647730416587
2.89,0.208621387152447,0.212909098108991
2.892,0.196349540849362,0.27975104639527
2.894,0.181009732970506,0.36266911333859
2.896,0.168737886667421,0.431167760875786
2.898,0.153398078788564,0.515742527070022
2.9,0.141126232485479,0.585897873858134
2.902,0.131922347758165,0.641449723545575
2.904,0.11965050145508,0.712893614195511
2.906,0.110446616727766,0.769734007744775
2.908,0.098174770424681,0.842466442256535
2.91,0.0889708856973672,0.900595379667623
2.912,0.0828349625458246,0.943936742283494
2.914,0.0736310778185108,1.00298606816731
2.916,0.0674951546669682,1.04724781925592
2.918,0.0613592315154256,1.09187772573361
2.92,0.0582912699396544,1.12153597972154
2.922,0.0552233083638831,1.15137831140402
2.924,0.0521553467881118,1.18140472078104
2.926,0.0490873852123405,1.21161520785261
2.928,0.0490873852123405,1.22666996473987
2.93,0.0490873852123405,1.24172472162713
2.932,0.0490873852123405,1.25677947851439
2.934,0.0521553467881118,1.25649442752279
2.936,0.0552233083638831,1.25602529883665
2.938,0.0613592315154256,1.2400322845771
2.94,0.0644271930911969,1.23901092280732
2.942,0.0705631162427395,1.22246567546414
2.944,0.0766990393942821,1.20555227273186
2.946,0.0859029241215959,1.17293090673163
2.948,0.0951068088489097,1.13975730764777
2.95,0.104310693576224,1.10603147548027
2.952,0.113514578303537,1.07175341022912
2.954,0.122718463030851,1.03692311189434
2.956,0.134990309333936,0.986200772597065
2.958,0.147262155637022,0.934742122521603
2.96,0.159534001940107,0.882547161667956
2.962,0.171805848243192,0.829615890036124
2.964,0.184077694546277,0.775948307626107
2.966,0.199417502425133,0.706204606559048
2.968,0.211689348728218,0.650880324898115
2.97,0.227029156607075,0.579479924580139
2.972,0.23930100291016,0.522498943668289
2.974,0.254640810789016,0.449441844099398
2.976,0.269980618667873,0.375464356057775
2.978,0.285320426546729,0.30056647954342
2.98,0.300660234425586,0.224748214556334
2.982,0.316000042304442,0.148009561096517
2.984,0.328271888607527,0.085690327042825
2.986,0.343611696486384,0.00729497433209131
2.988,0.35895150436524,-0.0720207668513738
2.99,0.371223350668325,-0.136917088628714
2.992,0.386563158547182,-0.217889529063095
2.994,0.398835004850267,-0.284442550091352
2.996,0.411106851153352,-0.351731881897794
2.998,0.426446659032208,-0.435097332361277
3,0.438718505335293,-0.504043363418635
