time,input,output,voltage
0,-0.3,0,-1.5
0.002,-0.3,0,-1.518
0.004,-0.3,0,-1.536
0.006,-0.3,-0.00306796157577128,-1.40060192121144
0.008,-0.3,-0.00613592315154256,-1.30643724600124
0.01,-0.3,-0.00920388472731385,-1.24108072998753
0.012,-0.3,-0.0122718463030851,-1.19583470210301
0.014,-0.3,-0.0184077694546277,-1.01121271381198
0.016,-0.3,-0.0245436926061703,-0.8775843886584
0.018,-0.3,-0.0306796157577128,-0.779541181084304
0.02,-0.3,-0.0368155389092554,-0.706297109199119
0.022,-0.3,-0.0490873852123405,-0.343505828102317
0.024,-0.3,-0.0552233083638831,-0.381941328978503
0.026,-0.3,-0.0644271930911969,-0.250392487753042
0.028,-0.3,-0.0736310778185108,-0.148356219170059
0.03,-0.3,-0.0828349625458246,-0.0668130815117203
0.032,-0.3,-0.0920388472731385,0.000550534424459848
0.034,-0.3,-0.098174770424681,-0.0952439237083433
0.036,-0.3,-0.107378655151995,-0.0030732262454185
0.038,-0.3,-0.116582539879309,0.0721714680208825
0.04,-0.3,-0.122718463030851,-0.0176644488139253
0.042,-0.3,-0.131922347758165,0.0791190140245066
0.044,-0.3,-0.138058270909708,0.00463635173201049
0.046,-0.3,-0.147262155637022,0.11244320929188
0.048,-0.3,-0.153398078788564,0.04595303984621
0.05,-0.3,-0.159534001940107,0.00623268015211353
0.052,-0.3,-0.168737886667421,0.13875971268941
0.054,-0.3,-0.174873809818963,0.0899602288864851
0.056,-0.3,-0.181009732970506,0.0630099123008578
0.058,-0.3,-0.187145656122048,0.0514644593840672
0.06,-0.3,-0.193281579273591,0.0508128576521879
0.062,-0.3,-0.199417502425133,0.0578973983664756
0.064,-0.3,-0.205553425576676,0.0705076854098088
0.066,-0.3,-0.211689348728218,0.0870964415002006
0.068,-0.3,-0.217825271879761,0.106580572540263
0.07,-0.3,-0.223961195031304,0.128201912661817
0.072,-0.3,-0.230097118182846,0.15142974575715
0.074,-0.3,-0.233165079758617,0.0224944917622866
0.076,-0.3,-0.23930100291016,0.0891656609399442
0.078,-0.3,-0.245436926061703,0.144204490916363
0.08,-0.3,-0.248504887637474,0.0378130512800827
0.082,-0.3,-0.254640810789016,0.120541007050566
0.084,-0.3,-0.257708772364788,0.0336976253952176
0.086,-0.3,-0.26384469551633,0.130274891677444
0.088,-0.3,-0.266912657092102,0.0532916973054139
0.09,-0.3,-0.269980618667873,0.00353868582248629
0.092,-0.3,-0.276116541819415,0.126300104458865
0.094,-0.3,-0.279184503395187,0.0678667099681928
0.096,-0.3,-0.282252464970958,0.0313194516356742
0.098,-0.3,-0.285320426546729,0.0101477119222305
0.1,-0.3,-0.288388388122501,-0.000205941449499814
0.102,-0.3,-0.294524311274043,0.150466367714895
0.104,-0.3,-0.297592272849814,0.111901936444019
0.106,-0.3,-0.300660234425586,0.0895942922155419
0.108,-0.3,-0.303728196001357,0.0787216222251126
0.11,-0.3,-0.306796157577128,0.0759086575096692
0.112,-0.3,-0.3098641191529,0.0787927097950892
0.114,-0.3,-0.312932080728671,0.0857198972894737
0.116,-0.3,-0.312932080728671,-0.057865576050063
0.118,-0.3,-0.316000042304442,-0.00474455114606004
0.12,-0.3,-0.319068003880213,0.0374589637980615
0.122,-0.3,-0.322135965455985,0.0720754450786302
0.124,-0.3,-0.325203927031756,0.101436226103071
0.126,-0.3,-0.328271888607527,0.127173240256595
0.128,-0.3,-0.328271888607527,-0.00296923787972869
0.13,-0.3,-0.331339850183298,0.0598380002083438
0.132,-0.3,-0.33440781175907,0.109097980923133
0.134,-0.3,-0.33440781175907,-0.00446797400357496
0.136,-0.3,-0.337475773334841,0.0700532769479564
0.138,-0.3,-0.340543734910612,0.127623513283894
0.14,-0.3,-0.340543734910612,0.0199851839087172
0.142,-0.3,-0.343611696486384,0.0987662193630457
0.144,-0.3,-0.343611696486384,0.00603067267910917
0.146,-0.3,-0.346679658062155,0.0952988793256732
0.148,-0.3,-0.346679658062155,0.00995957578466106
0.15,-0.3,-0.349747619637926,0.104460375939633
0.152,-0.3,-0.349747619637926,0.0228391111628755
0.154,-0.3,-0.352815581213697,0.11999776176119
0.156,-0.3,-0.352815581213697,0.0402922156031324
0.158,-0.3,-0.355883542789469,0.138847092542902
0.16,-0.3,-0.355883542789469,0.0601741281322257
0.162,-0.3,-0.355883542789469,0.00610895681496448
0.164,-0.3,-0.35895150436524,0.122667319451654
0.166,-0.3,-0.35895150436524,0.0566520183371896
0.168,-0.3,-0.35895150436524,0.0115024346356376
0.17,-0.3,-0.362019465941011,0.134356931911688
0.172,-0.3,-0.362019465941011,0.0728041483531371
0.174,-0.3,-0.362019465941011,0.0308335502490892
0.176,-0.3,-0.362019465941011,0.00257048196319552
0.178,-0.3,-0.362019465941011,-0.0160973154499927
0.18,-0.3,-0.362019465941011,-0.0280484232522858
0.182,-0.3,-0.365087427516783,0.118100230461612
0.184,-0.3,-0.365087427516783,0.0729085797179175
0.186,-0.3,-0.365087427516783,0.0424459978926316
0.188,-0.3,-0.365087427516783,0.0222937643102341
0.19,-0.3,-0.365087427516783,0.00935877449786053
0.192,-0.3,-0.365087427516783,0.00147585532449793
0.194,-0.3,-0.365087427516783,-0.00287061440155465
0.196,-0.3,-0.365087427516783,-0.00474156951448595
0.198,-0.3,-0.365087427516783,-0.00487966439823535
0.2,-0.3,-0.365087427516783,-0.00380475712156189
0.202,-0.3,-0.365087427516783,-0.00188074833258496
0.204,-0.3,-0.365087427516783,0.000637631514998638
0.206,-0.3,-0.365087427516783,0.00357207110360989
0.208,-0.3,-0.365087427516783,0.00679775251094049
0.21,-0.3,-0.365087427516783,0.0102273031913717
0.212,-0.3,-0.365087427516783,0.0137995623629796
0.214,-0.3,-0.365087427516783,0.0174717174784032
0.216,-0.3,-0.365087427516783,0.0212137997545031
0.218,-0.3,-0.365087427516783,0.0250048310430773
0.22,-0.3,-0.365087427516783,0.0288301266403794
0.222,-0.3,-0.365087427516783,0.0326794072537944
0.224,-0.3,-0.365087427516783,0.0365454773784883
0.226,-0.3,-0.365087427516783,0.0404233001610734
0.228,-0.3,-0.365087427516783,0.0443093498041846
0.23,-0.3,-0.365087427516783,0.0482011582496651
0.232,-0.3,-0.365087427516783,0.0520969978568051
0.234,-0.3,-0.365087427516783,0.0559956592771026
0.236,-0.3,-0.365087427516783,0.0598962959666134
0.238,-0.3,-0.365087427516783,0.0637983153445733
0.24,-0.3,-0.365087427516783,0.0677013026044485
0.242,-0.3,-0.365087427516783,0.0716049673816642
0.244,-0.3,-0.365087427516783,0.0755091064210155
0.246,-0.3,-0.365087427516783,0.0794135774438635
0.248,-0.3,-0.365087427516783,0.0833182808551602
0.25,-0.3,-0.365087427516783,0.0872231469383702
0.252,-0.3,-0.365087427516783,0.0911281268919185
0.254,-0.3,-0.365087427516783,0.0950331865547043
0.256,-0.3,-0.365087427516783,0.0989383020139563
0.258,-0.3,-0.365087427516783,0.102843456530736
0.26,-0.3,-0.365087427516783,0.106748638387785
0.262,-0.3,-0.365087427516783,0.11065383938302
0.264,-0.3,-0.365087427516783,0.114559053774985
0.266,-0.3,-0.365087427516783,0.118464277544664
0.268,-0.3,-0.365087427516783,0.122369507878739
0.27,-0.3,-0.365087427516783,0.126274742807897
0.272,-0.3,-0.365087427516783,0.130179980953608
0.274,-0.3,-0.365087427516783,0.134085221350908
0.276,-0.3,-0.365087427516783,0.137990463324319
0.278,-0.3,-0.365087427516783,0.14189570640101
0.28,-0.3,-0.365087427516783,0.145800950249996
0.282,-0.3,-0.365087427516783,0.149706194639588
0.284,-0.3,-0.365087427516783,0.153611439407604
0.286,-0.3,-0.365087427516783,0.157516684440518
0.288,-0.3,-0.365087427516783,0.16142192965886
0.29,-0.3,-0.365087427516783,0.165327175007001
0.292,-0.3,-0.365087427516783,0.169232420446
0.294,-0.3,-0.365087427516783,0.173137665948603
0.296,-0.3,-0.362019465941011,0.0236448327071627
0.298,-0.3,-0.362019465941011,0.0687834818638179
0.3,-0.3,-0.362019465941011,0.101496886660414
0.302,-0.3,-0.362019465941011,0.12551262040497
0.304,-0.3,-0.362019465941011,0.143439984413098
0.306,-0.3,-0.35895150436524,0.00370741081716161
0.308,-0.3,-0.35895150436524,0.0556230184173076
0.31,-0.3,-0.35895150436524,0.0930250708159807
0.312,-0.3,-0.35895150436524,0.120267634573628
0.314,-0.3,-0.35895150436524,0.140398556282555
0.316,-0.3,-0.355883542789469,0.00215324976881273
0.318,-0.3,-0.355883542789469,0.0550547210181288
0.32,-0.3,-0.355883542789469,0.0930916546628607
0.322,-0.3,-0.355883542789469,0.120723411984385
0.324,-0.3,-0.355883542789469,0.141071545879662
0.326,-0.3,-0.355883542789469,0.156321143376564
0.328,-0.3,-0.355883542789469,0.168001765394605
0.33,-0.3,-0.352815581213697,0.0237860257888838
0.332,-0.3,-0.352815581213697,0.0724529705654484
0.334,-0.3,-0.352815581213697,0.107470512370891
0.336,-0.3,-0.352815581213697,0.132933472096549
0.338,-0.3,-0.352815581213697,0.151708224366354
0.34,-0.3,-0.352815581213697,0.165801231417064
0.342,-0.3,-0.352815581213697,0.176617016814409
0.344,-0.3,-0.352815581213697,0.185138747054395
0.346,-0.3,-0.349747619637926,0.0386565598956641
0.348,-0.3,-0.349747619637926,0.0856817680767651
0.35,-0.3,-0.349747619637926,0.11949487095702
0.352,-0.3,-0.349747619637926,0.144059500126678
0.354,-0.3,-0.349747619637926,0.162150197698923
0.356,-0.3,-0.349747619637926,0.175709143152976
0.358,-0.3,-0.346679658062155,0.0326977833357326
0.36,-0.3,-0.346679658062155,0.0820973473475057
0.362,-0.3,-0.346679658062155,0.117517276000866
0.364,-0.3,-0.346679658062155,0.143151459903336
0.366,-0.3,-0.346679658062155,0.161935622480183
0.368,-0.3,-0.346679658062155,0.175924770129096
0.37,-0.3,-0.343611696486384,0.0331593285398892
0.372,-0.3,-0.343611696486384,0.0826758120029223
0.374,-0.3,-0.343611696486384,0.118122360963804
0.376,-0.3,-0.343611696486384,0.143719955773175
0.378,-0.3,-0.343611696486384,0.162423282676489
0.38,-0.3,-0.340543734910612,0.0229025432570018
0.382,-0.3,-0.340543734910612,0.0746350949304735
0.384,-0.3,-0.340543734910612,0.111577668330296
0.386,-0.3,-0.340543734910612,0.138167256938563
0.388,-0.3,-0.340543734910612,0.157509756192742
0.39,-0.3,-0.340543734910612,0.171779292899057
0.392,-0.3,-0.340543734910612,0.182497755821869
0.394,-0.3,-0.340543734910612,0.190730467096229
0.396,-0.3,-0.337475773334841,0.0438250734281056
0.398,-0.3,-0.337475773334841,0.0903331438191724
0.4,-0.3,-0.337475773334841,0.123563357012945
0.402,-0.3,-0.337475773334841,0.147499070168614
0.404,-0.3,-0.337475773334841,0.16492863329761
0.406,-0.3,-0.337475773334841,0.177803891407933
0.408,-0.3,-0.337475773334841,0.187491136005185
0.41,-0.3,-0.33440781175907,0.0415486923547254
0.412,-0.3,-0.33440781175907,0.0886756044497918
0.414,-0.3,-0.33440781175907,0.122283783528003
0.416,-0.3,-0.33440781175907,0.146428849494413
0.418,-0.3,-0.33440781175907,0.163949736282564
0.42,-0.3,-0.33440781175907,0.176833697645932
0.422,-0.3,-0.331339850183298,0.033073732423389
0.424,-0.3,-0.331339850183298,0.0816731561096356
0.426,-0.3,-0.331339850183298,0.116256869993305
0.428,-0.3,-0.331339850183298,0.141029587015172
0.43,-0.3,-0.331339850183298,0.158934606233782
0.432,-0.3,-0.331339850183298,0.172032236990107
0.434,-0.3,-0.331339850183298,0.181764695822834
0.436,-0.3,-0.328271888607527,0.035743455520479
0.438,-0.3,-0.328271888607527,0.0827047633424882
0.44,-0.3,-0.328271888607527,0.11608657281283
0.442,-0.3,-0.328271888607527,0.139962733437004
0.444,-0.3,-0.328271888607527,0.157184939868863
0.446,-0.3,-0.328271888607527,0.169749378366102
0.448,-0.3,-0.328271888607527,0.1790533793091
0.45,-0.3,-0.325203927031756,0.032676995175572
0.452,-0.3,-0.325203927031756,0.0793344790073995
0.454,-0.3,-0.325203927031756,0.112448388376249
0.456,-0.3,-0.325203927031756,0.136081795621016
0.458,-0.3,-0.325203927031756,0.153078851378926
0.46,-0.3,-0.325203927031756,0.165430461096031
0.462,-0.3,-0.325203927031756,0.174530258584578
0.464,-0.3,-0.325203927031756,0.181353787513133
0.466,-0.3,-0.325203927031756,0.186583928449694
0.468,-0.3,-0.322135965455985,0.037300619003294
0.47,-0.3,-0.322135965455985,0.0818680318077444
0.472,-0.3,-0.322135965455985,0.113463668149069
0.474,-0.3,-0.322135965455985,0.135979060966203
0.476,-0.3,-0.322135965455985,0.152138283316407
0.478,-0.3,-0.322135965455985,0.163848186339756
0.48,-0.3,-0.322135965455985,0.172443565834311
0.482,-0.3,-0.319068003880213,0.0254607000701387
0.484,-0.3,-0.319068003880213,0.0715832001437874
0.486,-0.3,-0.319068003880213,0.104212174265189
0.488,-0.3,-0.319068003880213,0.127395680220012
0.49,-0.3,-0.319068003880213,0.143967358458228
0.492,-0.3,-0.319068003880213,0.155910757294826
0.494,-0.3,-0.319068003880213,0.164614360550288
0.496,-0.3,-0.316000042304442,0.0176520281103902
0.498,-0.3,-0.316000042304442,0.063733678202666
0.5,-0.3,-0.316000042304442,0.0962788340287403
0.502,-0.3,-0.316000042304442,0.119348443868475
0.504,-0.3,-0.316000042304442,0.135785171517765
0.506,-0.3,-0.316000042304442,0.147578881633751
0.508,-0.3,-0.316000042304442,0.156122479476417
0.51,-0.3,-0.316000042304442,0.162390998727769
0.512,-0.3,-0.316000042304442,0.167066962965193
0.514,-0.3,-0.316000042304442,0.170628138692869
0.516,-0.3,-0.312932080728671,0.02001088367516
0.518,-0.3,-0.312932080728671,0.0634788646546045
0.52,-0.3,-0.312932080728671,0.0941392287933306
0.522,-0.3,-0.312932080728671,0.115834261143556
0.524,-0.3,-0.312932080728671,0.131253561241829
0.526,-0.3,-0.312932080728671,0.142279848763736
0.528,-0.3,-0.312932080728671,0.150231027482186
0.53,-0.3,-0.312932080728671,0.15602963003822
0.532,-0.3,-0.312932080728671,0.160321429280556
0.534,-0.3,-0.312932080728671,0.163558466203308
0.536,-0.3,-0.3098641191529,0.0126590907137911
0.538,-0.3,-0.3098641191529,0.0558743640546
0.54,-0.3,-0.3098641191529,0.0863026095379214
0.542,-0.3,-0.3098641191529,0.107779935520999
0.544,-0.3,-0.3098641191529,0.122991617853905
0.546,-0.3,-0.3098641191529,0.133817349631689
0.548,-0.3,-0.3098641191529,0.141572916020893
0.55,-0.3,-0.3098641191529,0.147179366638087
0.552,-0.3,-0.3098641191529,0.151281436214874
0.554,-0.3,-0.306796157577128,0.000932360274812888
0.556,-0.3,-0.306796157577128,0.0444776199918854
0.558,-0.3,-0.306796157577128,0.0750816326302221
0.56,-0.3,-0.306796157577128,0.096626772313448
0.562,-0.3,-0.306796157577128,0.111830700928094
0.564,-0.3,-0.306796157577128,0.122595781794735
0.566,-0.3,-0.306796157577128,0.130253669237772
0.568,-0.3,-0.306796157577128,0.135736521284285
0.57,-0.3,-0.306796157577128,0.139696848553232
0.572,-0.3,-0.306796157577128,0.142591408477884
0.574,-0.3,-0.306796157577128,0.14473993126153
0.576,-0.3,-0.306796157577128,0.146366228046468
0.578,-0.3,-0.306796157577128,0.147626966632315
0.58,-0.3,-0.306796157577128,0.148631814478793
0.582,-0.3,-0.303728196001357,-0.00394053998084321
0.584,-0.3,-0.303728196001357,0.037993201464159
0.586,-0.3,-0.303728196001357,0.0674139280036844
0.588,-0.3,-0.303728196001357,0.0880755441093768
0.59,-0.3,-0.303728196001357,0.102605782911385
0.592,-0.3,-0.303728196001357,0.112844057600815
0.594,-0.3,-0.303728196001357,0.12007795741144
0.596,-0.3,-0.303728196001357,0.125208794806904
0.598,-0.3,-0.303728196001357,0.128867488511754
0.6,-0.3,-0.303728196001357,0.131495681633172
0.602,-0.3,-0.303728196001357,0.133402524346188
0.604,-0.3,-0.303728196001357,0.134804421773325
0.606,-0.3,-0.303728196001357,0.135852857500343
0.608,-0.3,-0.303728196001357,0.136653870037284
0.61,-0.3,-0.303728196001357,0.137281686341165
0.612,-0.3,-0.303728196001357,0.137788265281907
0.614,-0.3,-0.303728196001357,0.138209978068451
0.616,-0.3,-0.303728196001357,0.138572284547057
0.618,-0.3,-0.303728196001357,0.1388930066101
0.62,-0.3,-0.303728196001357,0.139184619582258
0.622,-0.3,-0.303728196001357,0.139455856190793
0.624,-0.3,-0.303728196001357,0.13971282934479
0.626,-0.3,-0.300660234425586,-0.0134382607079508
0.628,-0.3,-0.300660234425586,0.0280351425135157
0.63,-0.3,-0.300660234425586,0.0570784089882027
0.632,-0.3,-0.300660234425586,0.0774205797401442
0.634,-0.3,-0.300660234425586,0.0916719834861627
0.636,-0.3,-0.300660234425586,0.101659850328039
0.638,-0.3,-0.300660234425586,0.108663241337012
0.64,-0.3,-0.300660234425586,0.113577499262953
0.642,-0.3,-0.300660234425586,0.117029364030771
0.644,-0.3,-0.300660234425586,0.119457553587906
0.646,-0.3,-0.300660234425586,0.121169170497561
0.648,-0.3,-0.300660234425586,0.122379186553981
0.65,-0.3,-0.300660234425586,0.123238082013134
0.652,-0.3,-0.300660234425586,0.123851193054202
0.654,-0.3,-0.300660234425586,0.124292255002609
0.656,-0.3,-0.300660234425586,0.124612882586155
0.658,-0.3,-0.300660234425586,0.124849206114299
0.66,-0.3,-0.300660234425586,0.125026516803659
0.662,-0.3,-0.300660234425586,0.125162518505873
0.664,-0.3,-0.300660234425586,0.125269603917084
0.666,-0.3,-0.300660234425586,0.125356447924588
0.668,-0.3,-0.300660234425586,0.125429122949504
0.67,-0.3,-0.300660234425586,0.125491879686607
0.672,-0.3,-0.300660234425586,0.125547693622238
0.674,-0.3,-0.300660234425586,0.125598647596842
0.676,-0.3,-0.300660234425586,0.125646199598725
0.678,-0.3,-0.300660234425586,0.125691370219702
0.68,-0.3,-0.300660234425586,0.125734873874048
0.682,-0.3,-0.300660234425586,0.125777210651751
0.684,-0.3,-0.300660234425586,0.125818730615802
0.686,-0.3,-0.300660234425586,0.125859678810298
0.688,-0.3,-0.300660234425586,0.125900226766108
0.69,-0.3,-0.300660234425586,0.125940494554835
0.692,-0.3,-0.300660234425586,0.125980566226604
0.694,-0.3,-0.300660234425586,0.126020500616504
0.696,-0.3,-0.300660234425586,0.126060338909091
0.698,-0.3,-0.300660234425586,0.126100109933565
0.7,-0.3,-0.300660234425586,0.126139833870359
0.702,-0.3,-0.300660234425586,0.126179524845773
0.704,-0.3,-0.300660234425586,0.126219192748221
0.706,-0.3,-0.300660234425586,0.1262588444996
0.708,-0.3,-0.300660234425586,0.126298484945222
0.71,-0.3,-0.300660234425586,0.126338117476822
0.712,-0.3,-0.300660234425586,0.1263777444686
0.714,-0.3,-0.300660234425586,0.126417367582504
0.716,-0.3,-0.300660234425586,0.1264569879819
0.718,-0.3,-0.300660234425586,0.126496606481136
0.72,-0.3,-0.300660234425586,0.126536223650262
0.722,-0.3,-0.300660234425586,0.126575839888313
0.724,-0.3,-0.300660234425586,0.126615455474607
0.726,-0.3,-0.300660234425586,0.126655070604675
0.728,-0.3,-0.300660234425586,0.12669468541538
0.73,-0.3,-0.300660234425586,0.126734300002535
0.732,-0.3,-0.300660234425586,0.126773914433206
0.734,-0.3,-0.300660234425586,0.126813528754336
0.736,-0.3,-0.300660234425586,0.126853142998787
0.738,-0.3,-0.300660234425586,0.126892757189564
0.74,-0.3,-0.300660234425586,0.126932371342767
0.742,-0.3,-0.300660234425586,0.126971985469671
0.744,-0.3,-0.300660234425586,0.127011599578161
0.746,-0.3,-0.300660234425586,0.127051213673767
0.748,-0.3,-0.300660234425586,0.127090827760352
0.75,-0.3,-0.300660234425586,0.127130441840621
0.752,-0.3,-0.300660234425586,0.127170055916471
0.754,-0.3,-0.300660234425586,0.127209669989226
0.756,-0.3,-0.300660234425586,0.127249284059813
0.758,-0.3,-0.300660234425586,0.127288898128887
0.76,-0.3,-0.300660234425586,0.127328512196899
0.762,-0.3,-0.300660234425586,0.127368126264167
0.764,-0.3,-0.300660234425586,0.127407740330915
0.766,-0.3,-0.300660234425586,0.127447354397298
0.768,-0.3,-0.300660234425586,0.127486968463428
0.77,-0.3,-0.300660234425586,0.127526582529379
0.772,-0.3,-0.300660234425586,0.127566196595206
0.774,-0.3,-0.300660234425586,0.127605810660946
0.776,-0.3,-0.300660234425586,0.127645424726626
0.778,-0.3,-0.300660234425586,0.127685038792259
0.78,-0.3,-0.300660234425586,0.127724652857865
0.782,-0.3,-0.300660234425586,0.127764266923451
0.784,-0.3,-0.300660234425586,0.12780388098902
0.786,-0.3,-0.300660234425586,0.127843495054579
0.788,-0.3,-0.300660234425586,0.127883109120131
0.79,-0.3,-0.300660234425586,0.127922723185679
0.792,-0.3,-0.300660234425586,0.127962337251223
0.794,-0.3,-0.300660234425586,0.128001951316764
0.796,-0.3,-0.300660234425586,0.128041565382302
0.798,-0.3,-0.300660234425586,0.128081179447839
0.8,-0.3,-0.300660234425586,0.128120793513378
0.802,-0.3,-0.300660234425586,0.128160407578913
0.804,-0.3,-0.300660234425586,0.128200021644448
0.806,-0.3,-0.300660234425586,0.128239635709984
0.808,-0.3,-0.300660234425586,0.128279249775519
0.81,-0.3,-0.300660234425586,0.128318863841054
0.812,-0.3,-0.300660234425586,0.128358477906589
0.814,-0.3,-0.300660234425586,0.128398091972124
0.816,-0.3,-0.300660234425586,0.128437706037659
0.818,-0.3,-0.300660234425586,0.128477320103194
0.82,-0.3,-0.300660234425586,0.12851693416873
0.822,-0.3,-0.300660234425586,0.128556548234265
0.824,-0.3,-0.300660234425586,0.1285961622998
0.826,-0.3,-0.300660234425586,0.128635776365335
0.828,-0.3,-0.300660234425586,0.12867539043087
0.83,-0.3,-0.300660234425586,0.128715004496405
0.832,-0.3,-0.300660234425586,0.12875461856194
0.834,0.3,-0.300660234425586,3.12879423262748
0.836,0.3,-0.300660234425586,3.16483384669301
0.838,0.3,-0.297592272849814,3.04747538196998
0.84,0.3,-0.294524311274043,2.97135032082532
0.842,0.3,-0.288388388122501,2.77063534008859
0.844,0.3,-0.282252464970958,2.6312642510594
0.846,0.3,-0.269980618667873,2.22792728203164
0.848,0.3,-0.257708772364788,1.93692786784887
0.85,0.3,-0.242368964485931,1.57094577003558
0.852,0.3,-0.227029156607075,1.30086695917782
0.854,0.3,-0.211689348728218,1.09764433264712
0.856,0.3,-0.193281579273591,0.787546839814982
0.858,0.3,-0.174873809818963,0.550972882760373
0.86,0.3,-0.156466040364335,0.36553406089985
0.862,0.3,-0.138058270909708,0.215558493825009
0.864,0.3,-0.116582539879309,-0.0633222135386076
0.866,0.3,-0.098174770424681,-0.130757721435623
0.868,0.3,-0.0797670009700533,-0.199180211594924
0.87,0.3,-0.0613592315154256,-0.268624929188011
0.872,0.3,-0.042951462060798,-0.339116545834929
0.874,0.3,-0.0276116541819415,-0.257274252881149
0.876,0.3,-0.00920388472731385,-0.37113970057599
0.878,0.3,0.00613592315154256,-0.320266545747757
0.88,0.3,0.021475731030399,-0.303019767733919
0.882,0.3,0.0368155389092554,-0.309587570031977
0.884,0.3,0.0521553467881118,-0.33310169509018
0.886,0.3,0.0674951546669682,-0.368754362622304
0.888,0.3,0.0797670009700533,-0.259782047639431
0.89,0.3,0.0920388472731385,-0.198460420168236
0.892,0.3,0.104310693576224,-0.170715167188675
0.894,0.3,0.11965050145508,-0.320092348375274
0.896,0.3,0.128854386182394,-0.138267910404154
0.898,0.3,0.141126232485479,-0.175500651813734
0.9,0.3,0.153398078788564,-0.217627029984537
0.902,0.3,0.162601963515878,-0.110001768333087
0.904,0.3,0.174873809818963,-0.199781389558438
0.906,0.3,0.184077694546277,-0.125899961203719
0.908,0.3,0.193281579273591,-0.0862887501067682
0.91,0.3,0.202485464000905,-0.0708323610153438
0.912,0.3,0.21475731030399,-0.225848096041445
0.914,0.3,0.223961195031304,-0.198349850355981
0.916,0.3,0.233165079758617,-0.191924770136237
0.918,0.3,0.23930100291016,-0.0470184968790277
0.92,0.3,0.248504887637474,-0.107351195939605
0.922,0.3,0.257708772364788,-0.162849563509003
0.924,0.3,0.26384469551633,-0.0617314901710979
0.926,0.3,0.273048580243644,-0.153157715642104
0.928,0.3,0.279184503395187,-0.0774652593771472
0.93,0.3,0.288388388122501,-0.186965533341034
0.932,0.3,0.294524311274043,-0.124201027562912
0.934,0.3,0.300660234425586,-0.0896289046208385
0.936,0.3,0.3098641191529,-0.228299975069293
0.938,0.3,0.316000042304442,-0.186341589988912
0.94,0.3,0.322135965455985,-0.166720314693809
0.942,0.3,0.328271888607527,-0.16284546286512
0.944,0.3,0.33440781175907,-0.170103554079652
0.946,0.3,0.337475773334841,-0.0318670732526031
0.948,0.3,0.343611696486384,-0.0939049761320994
0.95,0.3,0.349747619637926,-0.147578112184178
0.952,0.3,0.352815581213697,-0.0421082792852358
0.954,0.3,0.35895150436524,-0.127358952256221
0.956,0.3,0.362019465941011,-0.0441590651256014
0.958,0.3,0.368155389092554,-0.145164370059507
0.96,0.3,0.371223350668325,-0.0731583952280271
0.962,0.3,0.377359273819868,-0.182165108696421
0.964,0.3,0.380427235395639,-0.115925789764169
0.966,0.3,0.386563158547182,-0.229134832287119
0.968,0.3,0.389631120122953,-0.166002813618147
0.97,0.3,0.392699081698724,-0.128154557461916
0.972,0.3,0.395767043274495,-0.108060158372974
0.974,0.3,0.398835004850267,-0.100448682539492
0.976,0.3,0.401902966426038,-0.101630476293204
0.978,0.3,0.404970928001809,-0.109022782066303
0.98,0.3,0.408038889577581,-0.12081766956135
0.982,0.3,0.411106851153352,-0.135749587570116
0.984,0.3,0.414174812729123,-0.152932650246853
0.986,0.3,0.417242774304894,-0.171746737499532
0.988,0.3,0.420310735880666,-0.191757765263735
0.99,0.3,0.420310735880666,-0.0592637959058044
0.992,0.3,0.423378697456437,-0.122081689389667
0.994,0.3,0.426446659032208,-0.173005828132428
0.996,0.3,0.426446659032208,-0.0622614830762143
0.998,0.3,0.42951462060798,-0.140414560188009
1,0.3,0.432582582183751,-0.202183774087048
1.002,0.3,0.432582582183751,-0.0991414282569603
1.004,0.3,0.432582582183751,-0.0293982726552047
1.006,0.3,0.435650543759522,-0.136362629001848
1.008,0.3,0.435650543759522,-0.0650121061934461
1.01,0.3,0.435650543759522,-0.0175084500152342
1.012,0.3,0.438718505335293,-0.140095679266723
1.014,0.3,0.438718505335293,-0.0797363908000762
1.016,0.3,0.438718505335293,-0.0399818219694543
1.018,0.3,0.438718505335293,-0.0146505568840576
1.02,0.3,0.441786466911065,-0.152813683208881
1.022,0.3,0.441786466911065,-0.103412746001928
1.024,0.3,0.441786466911065,-0.0713842463614639
1.026,0.3,0.441786466911065,-0.0515164530175364
1.028,0.3,0.444854428486836,-0.193559232869744
1.03,0.3,0.444854428486836,-0.146929276440336
1.032,0.3,0.444854428486836,-0.11689568665251
1.034,0.3,0.444854428486836,-0.0984795535137983
1.036,0.3,0.444854428486836,-0.0881956400294578
1.038,0.3,0.444854428486836,-0.0836042803031855
1.04,0.3,0.444854428486836,-0.0829977082075571
1.042,0.3,0.444854428486836,-0.0851804874533841
1.044,0.3,0.444854428486836,-0.0893158126382235
1.046,0.3,0.444854428486836,-0.0948179199803737
1.048,0.3,0.444854428486836,-0.101276774832639
1.05,0.3,0.444854428486836,-0.108405352941989
1.052,0.3,0.444854428486836,-0.1160027373313
1.054,0.3,0.444854428486836,-0.123928286116578
1.056,0.3,0.444854428486836,-0.132083549979036
1.058,0.3,0.444854428486836,-0.140399614395522
1.06,0.3,0.444854428486836,-0.148828239199825
1.062,0.3,0.444854428486836,-0.1573356562756
1.064,0.3,0.444854428486836,-0.165898227941403
1.066,0.3,0.444854428486836,-0.17449940782023
1.068,0.3,0.444854428486836,-0.183127613448174
1.07,0.3,0.444854428486836,-0.191774737100492
1.072,0.3,0.444854428486836,-0.200435103369883
1.074,0.3,0.441786466911065,-0.0557066606826552
1.076,0.3,0.441786466911065,-0.10561618924472
1.078,0.3,0.441786466911065,-0.143105015642563
1.08,0.3,0.441786466911065,-0.171899350525455
1.082,0.3,0.441786466911065,-0.194607541347874
1.084,0.3,0.438718505335293,-0.0596573525394021
1.086,0.3,0.438718505335293,-0.116356435508236
1.088,0.3,0.438718505335293,-0.158542726682452
1.09,0.3,0.438718505335293,-0.190570063600442
1.092,0.3,0.435650543759522,-0.0620880537505026
1.094,0.3,0.435650543759522,-0.123259638681943
1.096,0.3,0.435650543759522,-0.16852145792162
1.098,0.3,0.435650543759522,-0.202646441177069
1.1,0.3,0.432582582183751,-0.0755775604549874
1.102,0.3,0.432582582183751,-0.137683112467567
1.104,0.3,0.432582582183751,-0.18354348535568
1.106,0.3,0.42951462060798,-0.0646341540680998
1.108,0.3,0.42951462060798,-0.132396167376462
1.11,0.3,0.42951462060798,-0.182160839863258
1.112,0.3,0.426446659032208,-0.0659292949864003
1.114,0.3,0.426446659032208,-0.135510535473901
1.116,0.3,0.426446659032208,-0.186493443677727
1.118,0.3,0.423378697456437,-0.0710594404944244
1.12,0.3,0.423378697456437,-0.141143736859053
1.122,0.3,0.423378697456437,-0.192423560868509
1.124,0.3,0.423378697456437,-0.230540254229341
1.126,0.3,0.420310735880666,-0.10604467734758
1.128,0.3,0.420310735880666,-0.169730648814922
1.13,0.3,0.420310735880666,-0.216476422087913
1.132,0.3,0.417242774304894,-0.0979659778362948
1.134,0.3,0.417242774304894,-0.165786318836375
1.136,0.3,0.417242774304894,-0.215370927473918
1.138,0.3,0.414174812729123,-0.0987924446691227
1.14,0.3,0.414174812729123,-0.167909935373616
1.142,0.3,0.411106851153352,-0.0649492467073205
1.144,0.3,0.411106851153352,-0.143543970000399
1.146,0.3,0.411106851153352,-0.200560199626314
1.148,0.3,0.408038889577581,-0.0890734048966521
1.15,0.3,0.408038889577581,-0.161644630637012
1.152,0.3,0.408038889577581,-0.214389188667657
1.154,0.3,0.404970928001809,-0.0998570005129415
1.156,0.3,0.404970928001809,-0.170241227547399
1.158,0.3,0.401902966426038,-0.0680015843869894
1.16,0.3,0.401902966426038,-0.146935369609092
1.162,0.3,0.401902966426038,-0.204023272660236
1.164,0.3,0.398835004850267,-0.0924209794031373
1.166,0.3,0.398835004850267,-0.164745686249201
1.168,0.3,0.398835004850267,-0.217152011128747
1.17,0.3,0.395767043274495,-0.102217389843176
1.172,0.3,0.395767043274495,-0.172154243760937
1.174,0.3,0.392699081698724,-0.0694357694937488
1.176,0.3,0.392699081698724,-0.147868703016017
1.178,0.3,0.389631120122953,-0.0510422611636212
1.18,0.3,0.389631120122953,-0.13354439406788
1.182,0.3,0.386563158547182,-0.0395111684745098
1.184,0.3,0.386563158547182,-0.123913329451725
1.186,0.3,0.386563158547182,-0.184552978989624
1.188,0.3,0.38349519697141,-0.0751607917314371
1.19,0.3,0.38349519697141,-0.148756456234917
1.192,0.3,0.380427235395639,-0.0483782561442745
1.194,0.3,0.380427235395639,-0.128228488356673
1.196,0.3,0.380427235395639,-0.185571341142474
1.198,0.3,0.377359273819868,-0.0737609495410935
1.2,0.3,0.377359273819868,-0.145553424387606
1.202,0.3,0.374291312244096,-0.0438025449203578
1.204,0.3,0.374291312244096,-0.122581454952404
1.206,0.3,0.374291312244096,-0.179063935595231
1.208,0.3,0.371223350668325,-0.0665408368770413
1.21,0.3,0.371223350668325,-0.137723970125059
1.212,0.3,0.368155389092554,-0.0354361049221362
1.214,0.3,0.368155389092554,-0.113728678322484
1.216,0.3,0.365087427516783,-0.0163621979178298
1.218,0.3,0.365087427516783,-0.0980445173685996
1.22,0.3,0.365087427516783,-0.15639371467944
1.222,0.3,0.362019465941011,-0.0450116477037625
1.224,0.3,0.362019465941011,-0.116827833246453
1.226,0.3,0.362019465941011,-0.168215513513275
1.228,0.3,0.35895150436524,-0.0519051612984242
1.23,0.3,0.35895150436524,-0.120216323865327
1.232,0.3,0.35895150436524,-0.169095264740735
1.234,0.3,0.355883542789469,-0.0509735716435305
1.236,0.3,0.355883542789469,-0.117961572284422
1.238,0.3,0.355883542789469,-0.165859076503258
1.24,0.3,0.352815581213697,-0.0469951544380901
1.242,0.3,0.352815581213697,-0.113408371493043
1.244,0.3,0.349747619637926,-0.00745022510478829
1.246,0.3,0.349747619637926,-0.0828422618252204
1.248,0.3,0.349747619637926,-0.136512144683004
1.25,0.3,0.349747619637926,-0.174976519836938
1.252,0.3,0.346679658062155,-0.0493989608096122
1.254,0.3,0.346679658062155,-0.111002185374325
1.256,0.3,0.346679658062155,-0.154964676414743
1.258,0.3,0.343611696486384,-0.0331805751995891
1.26,0.3,0.343611696486384,-0.0973839969244627
1.262,0.3,0.343611696486384,-0.143111402668627
1.264,0.3,0.343611696486384,-0.175905597226298
1.266,0.3,0.340543734910612,-0.0462484651648594
1.268,0.3,0.340543734910612,-0.104885541988967
1.27,0.3,0.340543734910612,-0.146661282994235
1.272,0.3,0.337475773334841,-0.0232360101377463
1.274,0.3,0.337475773334841,-0.0861801650969583
1.276,0.3,0.337475773334841,-0.130915637488433
1.278,0.3,0.337475773334841,-0.162905032082494
1.28,0.3,0.337475773334841,-0.185972172218362
1.282,0.3,0.33440781175907,-0.0493956554449322
1.284,0.3,0.33440781175907,-0.103078716353922
1.286,0.3,0.33440781175907,-0.141276199601875
1.288,0.3,0.33440781175907,-0.168633778487108
1.29,0.3,0.331339850183298,-0.0350053455298698
1.292,0.3,0.331339850183298,-0.0906968418018256
1.294,0.3,0.331339850183298,-0.130245006495495
1.296,0.3,0.331339850183298,-0.158492839084363
1.298,0.3,0.328271888607527,-0.025432360411306
1.3,0.3,0.328271888607527,-0.081466201373827
1.302,0.3,0.328271888607527,-0.121198784042527
1.304,0.3,0.328271888607527,-0.149520485905551
1.306,0.3,0.325203927031756,-0.0164564924160414
1.308,0.3,0.325203927031756,-0.0724326496986797
1.31,0.3,0.325203927031756,-0.1120696304831
1.312,0.3,0.325203927031756,-0.140269187718764
1.314,0.3,0.325203927031756,-0.160462548470302
1.316,0.3,0.325203927031756,-0.175051571682947
1.318,0.3,0.322135965455985,-0.0323194798298101
1.32,0.3,0.322135965455985,-0.0814727449495443
1.322,0.3,0.322135965455985,-0.116278477911566
1.324,0.3,0.322135965455985,-0.141040938363191
1.326,0.3,0.319068003880213,-0.00537502926897052
1.328,0.3,0.319068003880213,-0.0594193990115836
1.33,0.3,0.319068003880213,-0.0975936819012588
1.332,0.3,0.319068003880213,-0.124658903993874
1.334,0.3,0.319068003880213,-0.143947783528549
1.336,0.3,0.319068003880213,-0.157793223272666
1.338,0.3,0.316000042304442,-0.0144301763748263
1.34,0.3,0.316000042304442,-0.0630313263465433
1.342,0.3,0.316000042304442,-0.0973401320882245
1.344,0.3,0.316000042304442,-0.121644296868883
1.346,0.3,0.316000042304442,-0.138945212976823
1.348,0.3,0.316000042304442,-0.151343855013859
1.35,0.3,0.316000042304442,-0.160310905201266
1.352,0.3,0.312932080728671,-0.0134777623053675
1.354,0.3,0.312932080728671,-0.0595946217700786
1.356,0.3,0.312932080728671,-0.0921092008484934
1.358,0.3,0.312932080728671,-0.1151021836565
1.36,0.3,0.312932080728671,-0.131430049075222
1.362,0.3,0.312932080728671,-0.143092332321443
1.364,0.3,0.312932080728671,-0.151488708046911
1.366,0.3,0.312932080728671,-0.157598948507856
1.368,0.3,0.3098641191529,-0.00871081549507063
1.37,0.3,0.3098641191529,-0.0533339585695971
1.372,0.3,0.3098641191529,-0.0847477128665185
1.374,0.3,0.3098641191529,-0.106914895019114
1.376,0.3,0.3098641191529,-0.122609476670685
1.378,0.3,0.3098641191529,-0.133773237971535
1.38,0.3,0.3098641191529,-0.141765425026882
1.382,0.3,0.3098641191529,-0.147537510110378
1.384,0.3,0.306796157577128,0.00164255497498797
1.386,0.3,0.306796157577128,-0.0427210123403687
1.388,0.3,0.306796157577128,-0.0738978402975078
1.39,0.3,0.306796157577128,-0.0958439507038926
1.392,0.3,0.306796157577128,-0.11132855882475
1.394,0.3,0.306796157577128,-0.122290115345738
1.396,0.3,0.306796157577128,-0.130085535746819
1.398,0.3,0.306796157577128,-0.135664660863964
1.4,0.3,0.306796157577128,-0.139692379282355
1.402,0.3,0.306796157577128,-0.142634113011618
1.404,0.3,0.306796157577128,-0.144815657458488
1.406,0.3,0.306796157577128,-0.146465069407686
1.408,0.3,0.306796157577128,-0.147741988608515
1.41,0.3,0.306796157577128,-0.148758162885483
1.412,0.3,0.306796157577128,-0.149591815715748
1.414,0.3,0.306796157577128,-0.150297703533323
1.416,0.3,0.303728196001357,0.0024839229465512
1.418,0.3,0.303728196001357,-0.039303328084284
1.42,0.3,0.303728196001357,-0.0686215113338967
1.422,0.3,0.303728196001357,-0.089211347136646
1.424,0.3,0.303728196001357,-0.103691339726597
1.426,0.3,0.303728196001357,-0.113894442067586
1.428,0.3,0.303728196001357,-0.121103721234303
1.43,0.3,0.303728196001357,-0.126217324179031
1.432,0.3,0.303728196001357,-0.129863953768364
1.434,0.3,0.303728196001357,-0.132483702008921
1.436,0.3,0.303728196001357,-0.134384633305337
1.438,0.3,0.303728196001357,-0.135782392740853
1.44,0.3,0.303728196001357,-0.136827931873736
1.442,0.3,0.303728196001357,-0.137626916794781
1.444,0.3,0.303728196001357,-0.138253313767536
1.446,0.3,0.303728196001357,-0.138758899176487
1.448,0.3,0.303728196001357,-0.139179916490777
1.45,0.3,0.303728196001357,-0.139541736138806
1.452,0.3,0.303728196001357,-0.13986211742045
1.454,0.3,0.300660234425586,0.0132445869429416
1.456,0.3,0.300660234425586,-0.0282598862610733
1.458,0.3,0.300660234425586,-0.0573249017235423
1.46,0.3,0.300660234425586,-0.0776822967669326
1.462,0.3,0.300660234425586,-0.0919443575169664
1.464,0.3,0.300660234425586,-0.10193968426165
1.466,0.3,0.300660234425586,-0.108948297202591
1.468,0.3,0.300660234425586,-0.113866210480908
1.47,0.3,0.300660234425586,-0.117320633995393
1.472,0.3,0.300660234425586,-0.119750614675192
1.474,0.3,0.300660234425586,-0.121463485370711
1.476,0.3,0.300660234425586,-0.122674379077235
1.478,0.3,0.300660234425586,-0.123533888891464
1.48,0.3,0.300660234425586,-0.12414742998108
1.482,0.3,0.300660234425586,-0.124588792963476
1.484,0.3,0.300660234425586,-0.124909631270814
1.486,0.3,0.300660234425586,-0.125146102305609
1.488,0.3,0.300660234425586,-0.125323516249626
1.49,0.3,0.300660234425586,-0.125459590230101
1.492,0.3,0.300660234425586,-0.125566726236091
1.494,0.3,0.300660234425586,-0.125653605659946
1.496,0.3,0.300660234425586,-0.125726305476305
1.498,0.3,0.300660234425586,-0.125789079567415
1.5,0.3,0.300660234425586,-0.125844905650855
1.502,0.3,0.300660234425586,-0.125895868128923
1.504,0.3,0.300660234425586,-0.12594342608323
1.506,0.3,0.300660234425586,-0.125988600870907
1.508,0.3,0.300660234425586,-0.126032107441939
1.51,0.3,0.300660234425586,-0.126074446261322
1.512,0.3,0.300660234425586,-0.126115967654554
1.514,0.3,0.300660234425586,-0.126156916849477
1.516,0.3,0.300660234425586,-0.126197465505582
1.518,0.3,0.300660234425586,-0.126237733784515
1.52,0.3,0.300660234425586,-0.12627780579943
1.522,0.3,0.300660234425586,-0.12631774042953
1.524,0.3,0.300660234425586,-0.126357578890262
1.526,0.3,0.300660234425586,-0.126397350032434
1.528,0.3,0.300660234425586,-0.126437074051615
1.53,0.3,0.300660234425586,-0.126476765084703
1.532,0.3,0.300660234425586,-0.126516433027526
1.534,0.3,0.300660234425586,-0.12655608480716
1.536,0.3,0.300660234425586,-0.126595725272567
1.538,0.3,0.300660234425586,-0.126635357818012
1.54,0.3,0.300660234425586,-0.126674984819483
1.542,0.3,0.300660234425586,-0.126714607940174
1.544,0.3,0.300660234425586,-0.126754228344317
1.546,0.3,0.300660234425586,-0.126793846846877
1.548,0.3,0.300660234425586,-0.126833464018328
1.55,0.3,0.300660234425586,-0.126873080258007
1.552,0.3,0.300660234425586,-0.126912695845444
1.554,0.3,0.300660234425586,-0.126952310976309
1.556,0.3,0.300660234425586,-0.126991925787575
1.558,0.3,0.300660234425586,-0.127031540375123
1.56,0.3,0.300660234425586,-0.127071154806066
1.562,0.3,0.300660234425586,-0.127110769127388
1.564,0.3,0.300660234425586,-0.127150383371973
1.566,0.3,0.300660234425586,-0.127189997562844
1.568,0.3,0.300660234425586,-0.12722961171611
1.57,0.3,0.300660234425586,-0.127269225843058
1.572,0.3,0.300660234425586,-0.127308839951586
1.574,0.3,0.300660234425586,-0.127348454047213
1.576,0.3,0.300660234425586,-0.127388068133813
1.578,0.3,0.300660234425586,-0.127427682214095
1.58,0.3,0.300660234425586,-0.127467296289951
1.582,0.3,0.300660234425586,-0.12750691036271
1.584,0.3,0.300660234425586,-0.127546524433304
1.586,0.3,0.300660234425586,-0.127586138502382
1.588,0.3,0.300660234425586,-0.127625752570396
1.59,0.3,0.300660234425586,-0.127665366637664
1.592,0.3,0.300660234425586,-0.127704980704414
1.594,0.3,0.300660234425586,-0.127744594770798
1.596,0.3,0.300660234425586,-0.127784208836928
1.598,0.3,0.300660234425586,-0.127823822902879
1.6,0.3,0.300660234425586,-0.127863436968706
1.602,0.3,0.300660234425586,-0.127903051034446
1.604,0.3,0.300660234425586,-0.127942665100126
1.606,0.3,0.300660234425586,-0.127982279165759
1.608,0.3,0.300660234425586,-0.128021893231364
1.61,0.3,0.300660234425586,-0.128061507296951
1.612,0.3,0.300660234425586,-0.12810112136252
1.614,0.3,0.300660234425586,-0.128140735428078
1.616,0.3,0.300660234425586,-0.128180349493631
1.618,0.3,0.300660234425586,-0.128219963559179
1.62,0.3,0.300660234425586,-0.128259577624722
1.622,0.3,0.300660234425586,-0.128299191690264
1.624,0.3,0.300660234425586,-0.128338805755801
1.626,0.3,0.300660234425586,-0.128378419821338
1.628,0.3,0.300660234425586,-0.128418033886878
1.63,0.3,0.300660234425586,-0.128457647952413
1.632,0.3,0.300660234425586,-0.128497262017948
1.634,0.3,0.300660234425586,-0.128536876083483
1.636,0.3,0.300660234425586,-0.128576490149018
1.638,0.3,0.300660234425586,-0.128616104214553
1.64,0.3,0.300660234425586,-0.128655718280088
1.642,0.3,0.300660234425586,-0.128695332345624
1.644,0.3,0.300660234425586,-0.128734946411159
1.646,0.3,0.300660234425586,-0.128774560476694
1.648,0.3,0.300660234425586,-0.128814174542229
1.65,0.3,0.300660234425586,-0.128853788607764
1.652,0.3,0.300660234425586,-0.128893402673299
1.654,0.3,0.300660234425586,-0.128933016738834
1.656,0.3,0.300660234425586,-0.128972630804369
1.658,0.3,0.300660234425586,-0.129012244869905
1.66,0.3,0.300660234425586,-0.12905185893544
1.662,0.3,0.300660234425586,-0.129091473000975
1.664,0.3,0.300660234425586,-0.12913108706651
1.666,0.3,0.300660234425586,-0.129170701132045
1.668,-0.3,0.300660234425586,-3.12921031519758
1.67,-0.3,0.300660234425586,-3.16524992926311
1.672,-0.3,0.297592272849814,-3.04789146454009
1.674,-0.3,0.291456349698272,-2.81836832460686
1.676,-0.3,0.285320426546729,-2.65888674744849
1.678,-0.3,0.276116541819415,-2.39492573882723
1.68,-0.3,0.26384469551633,-2.05293266150702
1.682,-0.3,0.251572849213245,-1.8047635249028
1.684,-0.3,0.236233041334389,-1.46865217477777
1.686,-0.3,0.220893233455532,-1.21937244068507
1.688,-0.3,0.205553425576676,-1.03059872127319
1.69,-0.3,0.187145656122048,-0.730505016807485
1.692,-0.3,0.168737886667421,-0.500823264992653
1.694,-0.3,0.150330117212793,-0.32009854018325
1.696,-0.3,0.134990309333936,-0.326710473216027
1.698,-0.3,0.116582539879309,-0.162116589369221
1.7,-0.3,0.098174770424681,-0.0260145758952479
1.702,-0.3,0.0797670009700533,0.0904744681679239
1.704,-0.3,0.0644271930911969,0.0401676947051572
1.706,-0.3,0.0460194236365692,0.175445326343338
1.708,-0.3,0.0306796157577128,0.13889802057508
1.71,-0.3,0.0122718463030851,0.284414735991419
1.712,-0.3,-0.00306796157577128,0.255642245259874
1.714,-0.3,-0.0184077694546277,0.253810708805352
1.716,-0.3,-0.0337475773334841,0.271113956886567
1.718,-0.3,-0.0490873852123405,0.302087670684617
1.72,-0.3,-0.0613592315154256,0.189508748237706
1.722,-0.3,-0.0766990393942821,0.278729234480068
1.724,-0.3,-0.0889708856973672,0.207420062519451
1.726,-0.3,-0.101242732000452,0.172628305088928
1.728,-0.3,-0.113514578303537,0.163619631062928
1.73,-0.3,-0.125786424606623,0.172880008653548
1.732,-0.3,-0.138058270909708,0.19514961560926
1.734,-0.3,-0.150330117212793,0.226746576353989
1.736,-0.3,-0.159534001940107,0.111695499195925
1.738,-0.3,-0.171805848243192,0.196221826258281
1.74,-0.3,-0.181009732970506,0.118607868681102
1.742,-0.3,-0.193281579273591,0.229726742608629
1.744,-0.3,-0.202485464000905,0.171114130995614
1.746,-0.3,-0.211689348728218,0.142522431468039
1.748,-0.3,-0.220893233455532,0.135111040325364
1.75,-0.3,-0.230097118182846,0.142691534977206
1.752,-0.3,-0.23930100291016,0.160932019610307
1.754,-0.3,-0.248504887637474,0.186800167155378
1.756,-0.3,-0.254640810789016,0.0647752698753576
1.758,-0.3,-0.26384469551633,0.141401048661783
1.76,-0.3,-0.273048580243644,0.208580688581099
1.762,-0.3,-0.279184503395187,0.115915622429957
1.764,-0.3,-0.285320426546729,0.0601369906849472
1.766,-0.3,-0.294524311274043,0.183687388429526
1.768,-0.3,-0.300660234425586,0.130868415914617
1.77,-0.3,-0.306796157577128,0.103368612873521
1.772,-0.3,-0.312932080728671,0.0937026750808192
1.774,-0.3,-0.319068003880213,0.0966308895787245
1.776,-0.3,-0.325203927031756,0.108485457296781
1.778,-0.3,-0.331339850183298,0.126698918885667
1.78,-0.3,-0.337475773334841,0.149474052800871
1.782,-0.3,-0.343611696486384,0.175552803961213
1.784,-0.3,-0.349747619637926,0.204054533809888
1.786,-0.3,-0.355883542789469,0.234362795357125
1.788,-0.3,-0.35895150436524,0.112647996921516
1.79,-0.3,-0.365087427516783,0.186637640633567
1.792,-0.3,-0.368155389092554,0.0956654796384157
1.794,-0.3,-0.374291312244096,0.191340639483885
1.796,-0.3,-0.377359273819868,0.115714009707218
1.798,-0.3,-0.38349519697141,0.22229671133071
1.8,-0.3,-0.38349519697141,0.00107295193519463
1.802,-0.3,-0.386563158547182,0.0011173126923808
1.804,-0.3,-0.392699081698724,0.160835377614664
1.806,-0.3,-0.395767043274495,0.130370121241954
1.808,-0.3,-0.398835004850267,0.115499045309837
1.81,-0.3,-0.401902966426038,0.111599118994503
1.812,-0.3,-0.404970928001809,0.115434220719272
1.814,-0.3,-0.408038889577581,0.124739065380485
1.816,-0.3,-0.411106851153352,0.137927953405567
1.818,-0.3,-0.414174812729123,0.153890895093725
1.82,-0.3,-0.417242774304894,0.171850897654402
1.822,-0.3,-0.417242774304894,0.0378659873456359
1.824,-0.3,-0.420310735880666,0.0995849988555536
1.826,-0.3,-0.423378697456437,0.149684696908185
1.828,-0.3,-0.423378697456437,0.0383080200605211
1.83,-0.3,-0.426446659032208,0.115963241609936
1.832,-0.3,-0.42951462060798,0.177328733306944
1.834,-0.3,-0.42951462060798,0.0739485586270681
1.836,-0.3,-0.432582582183751,0.157311778310663
1.838,-0.3,-0.432582582183751,0.0693852365297637
1.84,-0.3,-0.435650543759522,0.163621222551003
1.842,-0.3,-0.435650543759522,0.0833608405148193
1.844,-0.3,-0.435650543759522,0.029620282877165
1.846,-0.3,-0.438718505335293,0.14784168110704
1.848,-0.3,-0.438718505335293,0.0844263109252615
1.85,-0.3,-0.438718505335293,0.0425324848940544
1.852,-0.3,-0.441786466911065,0.169101818556808
1.854,-0.3,-0.441786466911065,0.111585226486409
1.856,-0.3,-0.441786466911065,0.0738757684415333
1.858,-0.3,-0.441786466911065,0.0500313042145133
1.86,-0.3,-0.441786466911065,0.0358923356600036
1.862,-0.3,-0.441786466911065,0.0285472140762439
1.864,-0.3,-0.441786466911065,0.0259577853720087
1.866,-0.3,-0.444854428486836,0.180095420472009
1.868,-0.3,-0.444854428486836,0.141931862716047
1.87,-0.3,-0.444854428486836,0.117824751999635
1.872,-0.3,-0.444854428486836,0.103557154210913
1.874,-0.3,-0.444854428486836,0.0961772154715672
1.876,-0.3,-0.444854428486836,0.0936186380667905
1.878,-0.3,-0.444854428486836,0.0944350135962098
1.88,-0.3,-0.444854428486836,0.0976138561795669
1.882,-0.3,-0.444854428486836,0.102446425700679
1.884,-0.3,-0.444854428486836,0.108436604078218
1.886,-0.3,-0.444854428486836,0.115237108655263
1.888,-0.3,-0.444854428486836,0.122604841571952
1.89,-0.3,-0.444854428486836,0.130369634326402
1.892,-0.3,-0.444854428486836,0.138412368967281
1.894,-0.3,-0.444854428486836,0.146649662928656
1.896,-0.3,-0.444854428486836,0.15502314841438
1.898,-0.3,-0.441786466911065,0.0100938891785931
1.9,-0.3,-0.441786466911065,0.0598628461566617
1.902,-0.3,-0.441786466911065,0.0972532724457118
1.904,-0.3,-0.441786466911065,0.125978727252441
1.906,-0.3,-0.441786466911065,0.148638702021553
1.908,-0.3,-0.441786466911065,0.16705284076433
1.91,-0.3,-0.441786466911065,0.182494894288674
1.912,-0.3,-0.441786466911065,0.195856488160115
1.914,-0.3,-0.441786466911065,0.207761760274519
1.916,-0.3,-0.441786466911065,0.218647607159004
1.918,-0.3,-0.438718505335293,0.0754217775939803
1.92,-0.3,-0.438718505335293,0.126327912033219
1.922,-0.3,-0.438718505335293,0.164459139236724
1.924,-0.3,-0.438718505335293,0.193647931375213
1.926,-0.3,-0.435650543759522,0.0631789401796232
1.928,-0.3,-0.435650543759522,0.12295963816911
1.93,-0.3,-0.435650543759522,0.167247836549422
1.932,-0.3,-0.435650543759522,0.200691285203313
1.934,-0.3,-0.432582582183751,0.0731453302601382
1.936,-0.3,-0.432582582183751,0.134916930317955
1.938,-0.3,-0.432582582183751,0.18054353683773
1.94,-0.3,-0.432582582183751,0.214868647880881
1.942,-0.3,-0.42951462060798,0.0878846333018296
1.944,-0.3,-0.42951462060798,0.149994368306161
1.946,-0.3,-0.426446659032208,0.0424043671915763
1.948,-0.3,-0.426446659032208,0.118034688312671
1.95,-0.3,-0.426446659032208,0.173251952960014
1.952,-0.3,-0.423378697456437,0.0607819992871683
1.954,-0.3,-0.423378697456437,0.132941130309122
1.956,-0.3,-0.423378697456437,0.185673338578705
1.958,-0.3,-0.423378697456437,0.224806700921627
1.96,-0.3,-0.420310735880666,0.101022792327328
1.962,-0.3,-0.420310735880666,0.165206931595891
1.964,-0.3,-0.420310735880666,0.21230142232974
1.966,-0.3,-0.417242774304894,0.0940350803007205
1.968,-0.3,-0.417242774304894,0.162026292856617
1.97,-0.3,-0.417242774304894,0.211730511583236
1.972,-0.3,-0.414174812729123,0.0952357558407909
1.974,-0.3,-0.414174812729123,0.16441185548893
1.976,-0.3,-0.411106851153352,0.0614921930831867
1.978,-0.3,-0.411106851153352,0.140115634758651
1.98,-0.3,-0.411106851153352,0.197151967252239
1.982,-0.3,-0.411106851153352,0.239077323318507
1.984,-0.3,-0.408038889577581,0.117026917097095
1.986,-0.3,-0.408038889577581,0.182203614793226
1.988,-0.3,-0.404970928001809,0.0763739244043491
1.99,-0.3,-0.404970928001809,0.152849899874896
1.992,-0.3,-0.404970928001809,0.208272559408308
1.994,-0.3,-0.401902966426038,0.0955598189971677
1.996,-0.3,-0.401902966426038,0.16716243614376
1.998,-0.3,-0.398835004850267,0.0657204427534767
2,-0.3,-0.398835004850267,0.145157359506313
2.002,-0.3,-0.398835004850267,0.202542231320599
2.004,-0.3,-0.395767043274495,0.0910925928893433
2.006,-0.3,-0.395767043274495,0.163468934805129
2.008,-0.3,-0.392699081698724,0.062458102136555
2.01,-0.3,-0.392699081698724,0.142086384777858
2.012,-0.3,-0.389631120122953,0.0460966873087815
2.014,-0.3,-0.389631120122953,0.129184541281368
2.016,-0.3,-0.389631120122953,0.18895939922439
2.018,-0.3,-0.386563158547182,0.0790170811581551
2.02,-0.3,-0.386563158547182,0.152282877404362
2.022,-0.3,-0.386563158547182,0.205127071630557
2.024,-0.3,-0.38349519697141,0.0902780656541785
2.026,-0.3,-0.38349519697141,0.160053957054925
2.028,-0.3,-0.380427235395639,0.0570019157923698
2.03,-0.3,-0.380427235395639,0.134980459184425
2.032,-0.3,-0.377359273819868,0.0376150510074227
2.034,-0.3,-0.377359273819868,0.119519014251002
2.036,-0.3,-0.374291312244096,0.0248461766617022
2.038,-0.3,-0.374291312244096,0.10857971600831
2.04,-0.3,-0.374291312244096,0.16853043717133
2.042,-0.3,-0.371223350668325,0.0584351068172745
2.044,-0.3,-0.371223350668325,0.131317677920189
2.046,-0.3,-0.371223350668325,0.18361749800426
2.048,-0.3,-0.368155389092554,0.0681113135865723
2.05,-0.3,-0.368155389092554,0.137151063536583
2.052,-0.3,-0.365087427516783,0.0333076067166945
2.054,-0.3,-0.365087427516783,0.110456042676797
2.056,-0.3,-0.365087427516783,0.165631521544172
2.058,-0.3,-0.362019465941011,0.0520278516580723
2.06,-0.3,-0.362019465941011,0.122288915163466
2.062,-0.3,-0.362019465941011,0.172588010004179
2.064,-0.3,-0.35895150436524,0.0555156479910535
2.066,-0.3,-0.35895150436524,0.123293403699165
2.068,-0.3,-0.35895150436524,0.171798959773417
2.07,-0.3,-0.355883542789469,0.0534158973154023
2.072,-0.3,-0.355883542789469,0.120220939403727
2.074,-0.3,-0.352815581213697,0.014592293847204
2.076,-0.3,-0.352815581213697,0.0902702044582075
2.078,-0.3,-0.352815581213697,0.144195422347755
2.08,-0.3,-0.352815581213697,0.182893755332284
2.082,-0.3,-0.349747619637926,0.0575351900947373
2.084,-0.3,-0.349747619637926,0.119346933620663
2.086,-0.3,-0.349747619637926,0.163510611242295
2.088,-0.3,-0.346679658062155,0.0419225639423572
2.09,-0.3,-0.346679658062155,0.106318446716242
2.092,-0.3,-0.346679658062155,0.152235798503079
2.094,-0.3,-0.346679658062155,0.185218178598985
2.096,-0.3,-0.343611696486384,0.0557479997226732
2.098,-0.3,-0.343611696486384,0.114571167084736
2.1,-0.3,-0.343611696486384,0.156532394774933
2.102,-0.3,-0.340543734910612,0.0332921859062655
2.104,-0.3,-0.340543734910612,0.0964211089653097
2.106,-0.3,-0.340543734910612,0.141341142335033
2.108,-0.3,-0.340543734910612,0.17351495292223
2.11,-0.3,-0.337475773334841,0.0433683287730948
2.112,-0.3,-0.337475773334841,0.101607537827454
2.114,-0.3,-0.337475773334841,0.14304954808553
2.116,-0.3,-0.337475773334841,0.17273351918621
2.118,-0.3,-0.337475773334841,0.194186862876714
2.12,-0.3,-0.33440781175907,0.0564806885915284
2.122,-0.3,-0.33440781175907,0.109372989242289
2.124,-0.3,-0.33440781175907,0.147016940309485
2.126,-0.3,-0.33440781175907,0.173987046668185
2.128,-0.3,-0.33440781175907,0.193485461730938
2.13,-0.3,-0.331339850183298,0.0543556140979635
2.132,-0.3,-0.331339850183298,0.106196120096906
2.134,-0.3,-0.331339850183298,0.143048591599464
2.136,-0.3,-0.328271888607527,0.0160113601659935
2.138,-0.3,-0.328271888607527,0.0762614741962236
2.14,-0.3,-0.328271888607527,0.118945448012317
2.142,-0.3,-0.328271888607527,0.149333123678521
2.144,-0.3,-0.328271888607527,0.171113390639797
2.146,-0.3,-0.325203927031756,0.033470392719062
2.148,-0.3,-0.325203927031756,0.0862412468998455
2.15,-0.3,-0.325203927031756,0.123634515512964
2.152,-0.3,-0.325203927031756,0.150263474228719
2.154,-0.3,-0.325203927031756,0.169357416016317
2.156,-0.3,-0.325203927031756,0.183176845954211
2.158,-0.3,-0.325203927031756,0.193304117597308
2.16,-0.3,-0.322135965455985,0.0474487996454852
2.162,-0.3,-0.322135965455985,0.0944158064961378
2.164,-0.3,-0.322135965455985,0.127691158669804
2.166,-0.3,-0.322135965455985,0.151382352569577
2.168,-0.3,-0.322135965455985,0.168364635677628
2.17,-0.3,-0.319068003880213,0.0272526024429071
2.172,-0.3,-0.319068003880213,0.0774846852871688
2.174,-0.3,-0.319068003880213,0.112990367347996
2.176,-0.3,-0.319068003880213,0.13818756886042
2.178,-0.3,-0.319068003880213,0.15616883398896
2.18,-0.3,-0.316000042304442,0.0157008648602188
2.182,-0.3,-0.316000042304442,0.0663285692703049
2.184,-0.3,-0.316000042304442,0.102055963118845
2.186,-0.3,-0.316000042304442,0.127353139574301
2.188,-0.3,-0.316000042304442,0.145349163854602
2.19,-0.3,-0.316000042304442,0.158234381612294
2.192,-0.3,-0.316000042304442,0.167542034804156
2.194,-0.3,-0.312932080728671,0.0209473140113759
2.196,-0.3,-0.312932080728671,0.0672310689482685
2.198,-0.3,-0.312932080728671,0.0998624748572097
2.2,-0.3,-0.312932080728671,0.122937236446584
2.202,-0.3,-0.312932080728671,0.139322347012265
2.204,-0.3,-0.312932080728671,0.151024701861356
2.206,-0.3,-0.312932080728671,0.159449127708836
2.208,-0.3,-0.312932080728671,0.165579003255187
2.21,-0.3,-0.312932080728671,0.17010269359075
2.212,-0.3,-0.3098641191529,0.020103975490199
2.214,-0.3,-0.3098641191529,0.0639497090032896
2.216,-0.3,-0.3098641191529,0.0948192766072018
2.218,-0.3,-0.3098641191529,0.116605528074694
2.22,-0.3,-0.3098641191529,0.132033458246691
2.222,-0.3,-0.3098641191529,0.143010563511842
2.224,-0.3,-0.3098641191529,0.150872091342201
2.226,-0.3,-0.306796157577128,0.00315463617963804
2.228,-0.3,-0.306796157577128,0.0485420304409589
2.23,-0.3,-0.306796157577128,0.0804355372602697
2.232,-0.3,-0.306796157577128,0.102883322870176
2.234,-0.3,-0.306796157577128,0.118719103633499
2.236,-0.3,-0.306796157577128,0.129926481004213
2.238,-0.3,-0.306796157577128,0.137893976000102
2.24,-0.3,-0.306796157577128,0.143593553333612
2.242,-0.3,-0.303728196001357,-0.00569249048510384
2.244,-0.3,-0.303728196001357,0.0385416684085401
2.246,-0.3,-0.303728196001357,0.069572687162118
2.248,-0.3,-0.303728196001357,0.091361507817647
2.25,-0.3,-0.303728196001357,0.10668078980454
2.252,-0.3,-0.303728196001357,0.117471394723391
2.254,-0.3,-0.303728196001357,0.125091925694607
2.256,-0.3,-0.303728196001357,0.130493404902488
2.258,-0.3,-0.303728196001357,0.134341547876026
2.26,-0.3,-0.303728196001357,0.137102355485529
2.262,-0.3,-0.303728196001357,0.139102028340205
2.264,-0.3,-0.303728196001357,0.1405689068665
2.266,-0.3,-0.303728196001357,0.141662829362934
2.268,-0.3,-0.303728196001357,0.14249568263846
2.27,-0.3,-0.303728196001357,0.143145787459356
2.272,-0.3,-0.303728196001357,0.143667968362005
2.274,-0.3,-0.303728196001357,0.144100602521884
2.276,-0.3,-0.303728196001357,0.144470553961823
2.278,-0.3,-0.303728196001357,0.144796627497804
2.28,-0.3,-0.300660234425586,-0.00830609228755033
2.282,-0.3,-0.300660234425586,0.0332011701210885
2.284,-0.3,-0.300660234425586,0.0622681380267971
2.286,-0.3,-0.300660234425586,0.0826268997804524
2.288,-0.3,-0.300660234425586,0.0968899172276738
2.29,-0.3,-0.300660234425586,0.106885913660388
2.292,-0.3,-0.300660234425586,0.11389499538295
2.294,-0.3,-0.300660234425586,0.118813236808401
2.296,-0.3,-0.300660234425586,0.122267890025878
2.298,-0.3,-0.300660234425586,0.124698031497776
2.3,-0.3,-0.300660234425586,0.12641101474776
2.302,-0.3,-0.300660234425586,0.127621987242413
2.304,-0.3,-0.300660234425586,0.128481552208331
2.306,-0.3,-0.300660234425586,0.129095131904132
2.308,-0.3,-0.300660234425586,0.129536521910852
2.31,-0.3,-0.300660234425586,0.12985737913522
2.312,-0.3,-0.300660234425586,0.130093863411937
2.314,-0.3,-0.300660234425586,0.130271286625299
2.316,-0.3,-0.300660234425586,0.130407367094313
2.318,-0.3,-0.300660234425586,0.130514507642285
2.32,-0.3,-0.300660234425586,0.130601390245523
2.322,-0.3,-0.300660234425586,0.130674092287453
2.324,-0.3,-0.300660234425586,0.130736867936464
2.326,-0.3,-0.300660234425586,0.130792695110431
2.328,-0.3,-0.300660234425586,0.130843658351868
2.33,-0.3,-0.300660234425586,0.130891216840536
2.332,-0.3,-0.297592272849814,-0.0224616867863001
2.334,-0.3,-0.297592272849814,0.0188152236249369
2.336,-0.3,-0.297592272849814,0.0476657218240975
2.338,-0.3,-0.297592272849814,0.0678177314748055
2.34,-0.3,-0.297592272849814,0.0818807991416014
2.342,-0.3,-0.297592272849814,0.0916816074196522
2.344,-0.3,-0.297592272849814,0.0984988341255859
2.346,-0.3,-0.297592272849814,0.103227553731038
2.348,-0.3,-0.297592272849814,0.106494318366148
2.35,-0.3,-0.297592272849814,0.108737714522024
2.352,-0.3,-0.297592272849814,0.110264752742433
2.354,-0.3,-0.297592272849814,0.111290340408013
2.356,-0.3,-0.297592272849814,0.111964912685217
2.358,-0.3,-0.297592272849814,0.112393774190558
2.36,-0.3,-0.297592272849814,0.112650638155593
2.362,-0.3,-0.297592272849814,0.112787103842416
2.364,-0.3,-0.297592272849814,0.112839290734488
2.366,-0.3,-0.297592272849814,0.112832482470235
2.368,-0.3,-0.297592272849814,0.112784377596551
2.37,-0.3,-0.297592272849814,0.112707365096272
2.372,-0.3,-0.297592272849814,0.112610117257373
2.374,-0.3,-0.297592272849814,0.11249870468144
2.376,-0.3,-0.297592272849814,0.112377376789584
2.378,-0.3,-0.297592272849814,0.11224910817658
2.38,-0.3,-0.297592272849814,0.112115981058776
2.382,-0.3,-0.297592272849814,0.111979452987608
2.384,-0.3,-0.297592272849814,0.111840544249088
2.386,-0.3,-0.297592272849814,0.11169996904342
2.388,-0.3,-0.297592272849814,0.111558227310749
2.39,-0.3,-0.297592272849814,0.111415669009178
2.392,-0.3,-0.297592272849814,0.111272539109373
2.394,-0.3,-0.297592272849814,0.111129009090807
2.396,-0.3,-0.297592272849814,0.110985198989108
2.398,-0.3,-0.297592272849814,0.110841192829212
2.4,-0.3,-0.297592272849814,0.110697049428585
2.402,-0.3,-0.297592272849814,0.110552809959441
2.404,-0.3,-0.297592272849814,0.110408503242336
2.406,-0.3,-0.297592272849814,0.110264149451658
2.408,-0.3,-0.297592272849814,0.110119762709483
2.41,-0.3,-0.297592272849814,0.109975352901258
2.412,-0.3,-0.297592272849814,0.109830926946795
2.414,-0.3,-0.297592272849814,0.109686489689968
2.416,-0.3,-0.297592272849814,0.109542044521484
2.418,-0.3,-0.297592272849814,0.109397593814845
2.42,-0.3,-0.297592272849814,0.109253139231494
2.422,-0.3,-0.297592272849814,0.109108681934442
2.424,-0.3,-0.297592272849814,0.108964222737804
2.426,-0.3,-0.297592272849814,0.108819762211454
2.428,-0.3,-0.297592272849814,0.108675300754306
2.43,-0.3,-0.297592272849814,0.1085308386456
2.432,-0.3,-0.297592272849814,0.108386376080802
2.434,-0.3,-0.297592272849814,0.108241913196739
2.436,-0.3,-0.297592272849814,0.108097450089195
2.438,-0.3,-0.297592272849814,0.107952986825208
2.44,-0.3,-0.297592272849814,0.107808523451713
2.442,-0.3,-0.297592272849814,0.107664060001567
2.444,-0.3,-0.297592272849814,0.107519596497757
2.446,-0.3,-0.297592272849814,0.107375132956387
2.448,-0.3,-0.297592272849814,0.107230669388729
2.45,-0.3,-0.297592272849814,0.107086205802662
2.452,-0.3,-0.297592272849814,0.106941742203711
2.454,-0.3,-0.297592272849814,0.106797278595741
2.456,-0.3,-0.297592272849814,0.106652814981461
2.458,-0.3,-0.297592272849814,0.106508351362763
2.46,-0.3,-0.297592272849814,0.10636388774097
2.462,-0.3,-0.297592272849814,0.106219424117013
2.464,-0.3,-0.297592272849814,0.106074960491538
2.466,-0.3,-0.297592272849814,0.105930496865001
2.468,-0.3,-0.297592272849814,0.105786033237723
2.47,-0.3,-0.297592272849814,0.105641569609925
2.472,-0.3,-0.297592272849814,0.105497105981762
2.474,-0.3,-0.297592272849814,0.105352642353346
2.476,-0.3,-0.297592272849814,0.10520817872475
2.478,-0.3,-0.297592272849814,0.105063715096031
2.48,-0.3,-0.297592272849814,0.104919251467223
2.482,-0.3,-0.297592272849814,0.104774787838354
2.484,-0.3,-0.297592272849814,0.104630324209444
2.486,-0.3,-0.297592272849814,0.104485860580503
2.488,-0.3,-0.297592272849814,0.104341396951541
2.49,-0.3,-0.297592272849814,0.104196933322566
2.492,-0.3,-0.297592272849814,0.104052469693578
2.494,-0.3,-0.297592272849814,0.103908006064584
2.496,-0.3,-0.297592272849814,0.103763542435586
2.498,-0.3,-0.297592272849814,0.103619078806583
2.5,0.3,-0.297592272849814,3.10347461517758
2.502,0.3,-0.297592272849814,3.13933015154857
2.504,0.3,-0.294524311274043,3.021787609131
2.506,0.3,-0.291456349698272,2.94547847029179
2.508,0.3,-0.282252464970958,2.59118133307194
2.51,0.3,-0.273048580243644,2.33946149113801
2.512,0.3,-0.260776733940559,2.00598200719056
2.514,0.3,-0.248504887637474,1.76371716263892
2.516,0.3,-0.233165079758617,1.43168359364232
2.518,0.3,-0.217825271879761,1.18520308303117
2.52,0.3,-0.202485464000905,0.998333596747994
2.522,0.3,-0.184077694546277,0.69951763216403
2.524,0.3,-0.165669925091649,0.470675074958053
2.526,0.3,-0.150330117212793,0.443880641855046
2.528,0.3,-0.131922347758165,0.256178418255011
2.53,0.3,-0.113514578303537,0.104176683495599
2.532,0.3,-0.0951068088489097,-0.023166048925563
2.534,0.3,-0.0797670009700533,0.0198192592284325
2.536,0.3,-0.0613592315154256,-0.120307281584071
2.538,0.3,-0.0460194236365692,-0.0868780956960173
2.54,0.3,-0.0276116541819415,-0.234301378486682
2.542,0.3,-0.0122718463030851,-0.206587368375345
2.544,0.3,0.00306796157577128,-0.205220651813149
2.546,0.3,0.0184077694546277,-0.222573157277173
2.548,0.3,0.0337475773334841,-0.25330523470137
2.55,0.3,0.0490873852123405,-0.293679129039507
2.552,0.3,0.0613592315154256,-0.187680332970657
2.554,0.3,0.0766990393942821,-0.281506907677661
2.556,0.3,0.0889708856973672,-0.213421997642294
2.558,0.3,0.101242732000452,-0.180887223559446
2.56,0.3,0.113514578303537,-0.173458437876819
2.562,0.3,0.125786424606623,-0.183824737307799
2.564,0.3,0.138058270909708,-0.206868489551763
2.566,0.3,0.147262155637022,-0.0856092732097058
2.568,0.3,0.159534001940107,-0.165569009609814
2.57,0.3,0.168737886667421,-0.084537545335605
2.572,0.3,0.177941771394734,-0.0396451925531895
2.574,0.3,0.190213617697819,-0.173613966528686
2.576,0.3,0.199417502425133,-0.130941061640888
2.578,0.3,0.208621387152447,-0.113451933512601
2.58,0.3,0.217825271879761,-0.113757119041061
2.582,0.3,0.227029156607075,-0.126683994054337
2.584,0.3,0.236233041334389,-0.148611721632075
2.586,0.3,0.245436926061703,-0.177005715930028
2.588,0.3,0.251572849213245,-0.056693688068659
2.59,0.3,0.260776733940559,-0.134463252139785
2.592,0.3,0.269980618667873,-0.202388318450018
2.594,0.3,0.276116541819415,-0.110189827464159
2.596,0.3,0.285320426546729,-0.208080653815048
2.598,0.3,0.291456349698272,-0.137134311399468
2.6,0.3,0.297592272849814,-0.0967796795028064
2.602,0.3,0.306796157577128,-0.231347770374684
2.604,0.3,0.312932080728671,-0.186462076282341
2.606,0.3,0.319068003880213,-0.164736461370495
2.608,0.3,0.325203927031756,-0.159333348501725
2.61,0.3,0.331339850183298,-0.165466433679834
2.612,0.3,0.337475773334841,-0.179785304107493
2.614,0.3,0.340543734910612,-0.0465465920379948
2.616,0.3,0.346679658062155,-0.112138156356138
2.618,0.3,0.352815581213697,-0.168354078723638
2.62,0.3,0.355883542789469,-0.0647194195538469
2.622,0.3,0.362019465941011,-0.151309937443606
2.624,0.3,0.365087427516783,-0.0691031650644922
2.626,0.3,0.371223350668325,-0.17085887363282
2.628,0.3,0.374291312244096,-0.0994334046537902
2.63,0.3,0.377359273819868,-0.0555036167387041
2.632,0.3,0.38349519697141,-0.184274107665303
2.634,0.3,0.386563158547182,-0.131979879570526
2.636,0.3,0.389631120122953,-0.101662853507869
2.638,0.3,0.392699081698724,-0.0867850921760597
2.64,0.3,0.395767043274495,-0.0827700394642116
2.642,0.3,0.398835004850267,-0.0864141060946966
2.644,0.3,0.401902966426038,-0.0954747795731855
2.646,0.3,0.404970928001809,-0.108382301153629
2.648,0.3,0.408038889577581,-0.124037839713815
2.65,0.3,0.411106851153352,-0.141672213468178
2.652,0.3,0.414174812729123,-0.160746995166835
2.654,0.3,0.417242774304894,-0.180885285734856
2.656,0.3,0.420310735880666,-0.201823255819798
2.658,0.3,0.420310735880666,-0.0699781460863851
2.66,0.3,0.423378697456437,-0.133250241307414
2.662,0.3,0.426446659032208,-0.184492321266188
2.664,0.3,0.426446659032208,-0.0739705350611859
2.666,0.3,0.42951462060798,-0.152279403368826
2.668,0.3,0.42951462060798,-0.0607595923163929
2.67,0.3,0.432582582183751,-0.152425066539199
2.672,0.3,0.432582582183751,-0.070310102935745
2.674,0.3,0.435650543759522,-0.168614193681201
2.676,0.3,0.435650543759522,-0.0912014849519648
2.678,0.3,0.435650543759522,-0.0394542986291708
2.68,0.3,0.438718505335293,-0.159071056779455
2.682,0.3,0.438718505335293,-0.0966324385419619
2.684,0.3,0.438718505335293,-0.0554223388717486
2.686,0.3,0.441786466911065,-0.182470280987203
2.688,0.3,0.441786466911065,-0.125288714833693
2.69,0.3,0.441786466911065,-0.0878137749306364
2.692,0.3,0.441786466911065,-0.0641334734028929
2.694,0.3,0.441786466911065,-0.0501094187378763
2.696,0.3,0.441786466911065,-0.0428447368767625
2.698,0.3,0.444854428486836,-0.193709694766943
2.7,0.3,0.444854428486836,-0.153255262964107
2.702,0.3,0.444854428486836,-0.127544540414885
2.704,0.3,0.444854428486836,-0.112154414343195
2.706,0.3,0.444854428486836,-0.103988705805778
2.708,0.3,0.444854428486836,-0.100880089542343
2.71,0.3,0.444854428486836,-0.101311437870702
2.712,0.3,0.444854428486836,-0.104220761413319
2.714,0.3,0.444854428486836,-0.108864667605913
2.716,0.3,0.444854428486836,-0.114722781653492
2.718,0.3,0.444854428486836,-0.121430841199562
2.72,0.3,0.444854428486836,-0.128733862594571
2.722,0.3,0.444854428486836,-0.13645335728384
2.724,0.3,0.444854428486836,-0.144464383279094
2.726,0.3,0.444854428486836,-0.152679481188535
2.728,0.3,0.444854428486836,-0.161037429437904
2.73,0.3,0.444854428486836,-0.169495372925228
2.732,0.3,0.444854428486836,-0.178023313079118
2.734,0.3,0.441786466911065,-0.0332021721110434
2.736,0.3,0.441786466911065,-0.0830468118765133
2.738,0.3,0.441786466911065,-0.120490216116741
2.74,0.3,0.441786466911065,-0.149252755489297
2.742,0.3,0.441786466911065,-0.171938689454491
2.744,0.3,0.441786466911065,-0.190370999634521
2.746,0.3,0.441786466911065,-0.205825773164944
2.748,0.3,0.438718505335293,-0.0657981922520695
2.75,0.3,0.438718505335293,-0.118943100747824
2.752,0.3,0.438718505335293,-0.158641469790885
2.754,0.3,0.438718505335293,-0.188927261217062
2.756,0.3,0.438718505335293,-0.212624248311421
2.758,0.3,0.435650543759522,-0.0783109935849443
2.76,0.3,0.435650543759522,-0.135400707102804
2.762,0.3,0.435650543759522,-0.177805216352981
2.764,0.3,0.435650543759522,-0.209930082615774
2.766,0.3,0.432582582183751,-0.0814611199988392
2.768,0.3,0.432582582183751,-0.142586614685015
2.77,0.3,0.432582582183751,-0.187760947444647
2.772,0.3,0.42951462060798,-0.0683713880671291
2.774,0.3,0.42951462060798,-0.13579724171254
2.776,0.3,0.42951462060798,-0.185326602435269
2.778,0.3,0.426446659032208,-0.0689303393235577
2.78,0.3,0.426446659032208,-0.138396277046666
2.782,0.3,0.426446659032208,-0.18929847331542
2.784,0.3,0.423378697456437,-0.0738079717775655
2.786,0.3,0.423378697456437,-0.143852719294004
2.788,0.3,0.423378697456437,-0.19510485910973
2.79,0.3,0.423378697456437,-0.233202173534954
2.792,0.3,0.420310735880666,-0.108693031398262
2.794,0.3,0.420310735880666,-0.172369507187156
2.796,0.3,0.420310735880666,-0.219108633485231
2.798,0.3,0.417242774304894,-0.100593536351172
2.8,0.3,0.417242774304894,-0.168410620333547
2.802,0.3,0.417242774304894,-0.217992949058696
2.804,0.3,0.414174812729123,-0.101412870315221
2.806,0.3,0.414174812729123,-0.170529243862641
2.808,0.3,0.414174812729123,-0.220965851974957
2.81,0.3,0.411106851153352,-0.10492854549414
2.812,0.3,0.411106851153352,-0.174369636317053
2.814,0.3,0.411106851153352,-0.224978323213851
2.816,0.3,0.408038889577581,-0.109006248573808
2.818,0.3,0.408038889577581,-0.178437778376899
2.82,0.3,0.408038889577581,-0.228984549251458
2.822,0.3,0.404970928001809,-0.11291391008748
2.824,0.3,0.404970928001809,-0.182221221415456
2.826,0.3,0.401902966426038,-0.0792277372605064
2.828,0.3,0.401902966426038,-0.157633833786435
2.83,0.3,0.401902966426038,-0.214352354750254
2.832,0.3,0.398835004850267,-0.102491494032029
2.834,0.3,0.398835004850267,-0.174635203655302
2.836,0.3,0.395767043274495,-0.0735167516903377
2.838,0.3,0.395767043274495,-0.153124924132526
2.84,0.3,0.395767043274495,-0.210574451620999
2.842,0.3,0.392699081698724,-0.0991148488533067
2.844,0.3,0.392699081698724,-0.171428992425224
2.846,0.3,0.389631120122953,-0.0703193976075802
2.848,0.3,0.389631120122953,-0.149823323436168
2.85,0.3,0.386563158547182,-0.0536913528898258
2.852,0.3,0.386563158547182,-0.136624392399961
2.854,0.3,0.38349519697141,-0.0428375781223397
2.856,0.3,0.38349519697141,-0.127357003712216
2.858,0.3,0.380427235395639,-0.0346254363820526
2.86,0.3,0.380427235395639,-0.119828311526783
2.862,0.3,0.377359273819868,-0.0275199355766529
2.864,0.3,0.377359273819868,-0.112963821379043
2.866,0.3,0.377359273819868,-0.174167008369476
2.868,0.3,0.374291312244096,-0.0650036274029681
2.87,0.3,0.374291312244096,-0.138593786385534
2.872,0.3,0.371223350668325,-0.0380460625051622
2.874,0.3,0.371223350668325,-0.117611958139654
2.876,0.3,0.371223350668325,-0.174590105395828
2.878,0.3,0.368155389092554,-0.0623587499986111
2.88,0.3,0.368155389092554,-0.133690880262954
2.882,0.3,0.365087427516783,-0.0314520896630964
2.884,0.3,0.365087427516783,-0.109723791977222
2.886,0.3,0.365087427516783,-0.165685557292412
2.888,0.3,0.362019465941011,-0.0526322879197836
2.89,0.3,0.362019465941011,-0.123278631784604
2.892,0.3,0.362019465941011,-0.17384742287692
2.894,0.3,0.35895150436524,-0.0569638482399158
2.896,0.3,0.35895150436524,-0.124873755111309
2.898,0.3,0.355883542789469,-0.0200737382112965
2.9,0.3,0.355883542789469,-0.0963869121902234
2.902,0.3,0.355883542789469,-0.150812037745683
2.904,0.3,0.352815581213697,-0.0365174506161512
2.906,0.3,0.352815581213697,-0.106129202126046
2.908,0.3,0.352815581213697,-0.155808108644822
2.91,0.3,0.349747619637926,-0.0381359448812451
2.912,0.3,0.349747619637926,-0.105328169438952
2.914,0.3,0.349747619637926,-0.153258183782828
2.916,0.3,0.346679658062155,-0.0343065721884626
2.918,0.3,0.346679658062155,-0.100547959956247
2.92,0.3,0.346679658062155,-0.147757165238818
2.922,0.3,0.346679658062155,-0.181643842781734
2.924,0.3,0.343611696486384,-0.0528066721183288
2.926,0.3,0.343611696486384,-0.112072945229427
2.928,0.3,0.343611696486384,-0.15434434694395
2.93,0.3,0.340543734910612,-0.0313212598923091
2.932,0.3,0.340543734910612,-0.0946021682232731
2.934,0.3,0.340543734910612,-0.139628591283341
2.936,0.3,0.337475773334841,-0.0184787958652132
2.938,0.3,0.337475773334841,-0.0830157850312778
2.94,0.3,0.337475773334841,-0.12886624136755
2.942,0.3,0.337475773334841,-0.161636124722964
2.944,0.3,0.337475773334841,-0.185249606991783
2.946,0.3,0.33440781175907,-0.0490555297114191
2.948,0.3,0.33440781175907,-0.103006298265555
2.95,0.3,0.33440781175907,-0.141391176865111
2.952,0.3,0.33440781175907,-0.168879932496465
2.954,0.3,0.331339850183298,-0.0353433232615099
2.956,0.3,0.331339850183298,-0.0910990961390654
2.958,0.3,0.331339850183298,-0.130692254456655
2.96,0.3,0.331339850183298,-0.158971582582268
2.962,0.3,0.328271888607527,-0.02593315078493
2.964,0.3,0.328271888607527,-0.0819824245604561
2.966,0.3,0.328271888607527,-0.121725810198261
2.968,0.3,0.328271888607527,-0.15005507413966
2.97,0.3,0.325203927031756,-0.0169963741050063
2.972,0.3,0.325203927031756,-0.0729762368060466
2.974,0.3,0.325203927031756,-0.112615811383349
2.976,0.3,0.325203927031756,-0.140817184274029
2.978,0.3,0.325203927031756,-0.161011815984077
2.98,0.3,0.325203927031756,-0.175601728867682
2.982,0.3,0.322135965455985,-0.0328702597842161
2.984,0.3,0.322135965455985,-0.0820239608427212
2.986,0.3,0.322135965455985,-0.116829998961882
2.988,0.3,0.322135965455985,-0.141592673023504
2.99,0.3,0.319068003880213,-0.00592691345628002
2.992,0.3,0.319068003880213,-0.0599713878677917
2.994,0.3,0.319068003880213,-0.0981457440256957
2.996,0.3,0.319068003880213,-0.125211017406072
2.998,0.3,0.319068003880213,-0.144499932842177
3,0.3,0.316000042304442,-0.00494731892873015
